1 0.267420221426
2 0.311501953761
3 0.343936014328
4 0.367627808531
5 0.38658580267
6 0.403436991208
7 0.420333767502
8 0.434789156627
9 0.448895310974
10 0.460732660371
11 0.472712471508
12 0.486473461413
13 0.49819684142
14 0.508944969065
15 0.518642136112
16 0.52806577662
17 0.537107619668
18 0.545345978509
19 0.554353630739
20 0.564388635624
21 0.574417942038
22 0.583765874308
23 0.593860306089
24 0.602024584826
25 0.60921686747
26 0.617710029306
27 0.623980788017
28 0.629535167698
29 0.639282806903
30 0.651463692608
31 0.662864702051
32 0.66913871703
33 0.675584500163
34 0.679951970042
35 0.684417127971
36 0.690551123413
37 0.696503581895
38 0.701625691957
39 0.705555193748
40 0.709698795181
41 0.714625529144
42 0.719879518072
43 0.724229078476
44 0.729439107782
45 0.734582383588
46 0.737820742429
47 0.743679583198
48 0.749089873006
49 0.752871214588
50 0.757718984044
51 0.762603386519
52 0.765249104526
53 0.767393357213
54 0.769479811136
55 0.77159964181
56 0.773213122761
57 0.774497720612
58 0.776213774015
59 0.777807717356
60 0.779123249756
61 0.780394822533
62 0.781676164116
63 0.783064962553
64 0.784110224683
65 0.785177466623
66 0.786047704331
67 0.786788505373
68 0.787807717356
69 0.789017421035
70 0.789981276457
71 0.790858840768
72 0.791722565939
73 0.792740149788
74 0.794001953761
75 0.795050472159
76 0.796049332465
77 0.797066102247
78 0.798739010094
79 0.800442852491
80 0.801803972647
81 0.803629925106
82 0.804972321719
83 0.806602898079
84 0.807935525887
85 0.808939270596
86 0.810067567568
87 0.811243894497
88 0.812309508303
89 0.813183002279
90 0.814456203191
91 0.815300390752
92 0.816300065125
93 0.817144252686
94 0.817955063497
95 0.819064636926
96 0.820363073917
97 0.821016769782
98 0.821488928688
99 0.821952946923
100 0.822530120482
101 0.823095897102
102 0.82363725171
103 0.824002767828
104 0.824351188538
105 0.8248021817
106 0.825564148486
107 0.826518235103
108 0.827144252686
109 0.827872028655
110 0.828126831651
111 0.828417453598
112 0.828650276783
113 0.82896043634
114 0.829214425269
115 0.829499348746
116 0.82977694562
117 0.829978834256
118 0.830214099642
119 0.830466460436
120 0.830742429176
121 0.831057473136
122 0.831289482253
123 0.831647671768
124 0.83193992185
125 0.832136926083
126 0.83238847281
127 0.832661185282
128 0.832972158906
129 0.833364539238
130 0.833710517747
131 0.834030446109
132 0.834321882123
133 0.83482985998
134 0.835028492348
135 0.835271084337
136 0.835708238359
137 0.83600048844
138 0.836284597851
139 0.836559752524
140 0.836838977532
141 0.837150765223
142 0.837495929665
143 0.83784272224
144 0.838063334419
145 0.838241615109
146 0.838441875611
147 0.838606317161
148 0.838831813741
149 0.83904672745
150 0.839412243569
151 0.839805437968
152 0.840243406057
153 0.840550309345
154 0.840785574731
155 0.840995604038
156 0.841238196027
157 0.841411592315
158 0.841663139043
159 0.84196760013
160 0.842237056333
161 0.842467437317
162 0.842732823185
163 0.843458971019
164 0.844143601433
165 0.844562845979
166 0.845116411592
167 0.845819765549
168 0.846374959297
169 0.846992022143
170 0.847537447086
171 0.847950993162
172 0.848236730707
173 0.848550146532
174 0.848817160534
175 0.849087430804
176 0.849403288831
177 0.849850211657
178 0.85030934549
179 0.850687072615
180 0.851049332465
181 0.851507652231
182 0.851939107782
183 0.85227694562
184 0.852551286226
185 0.852893194399
186 0.853104037773
187 0.853334418756
188 0.853559915337
189 0.85392705959
190 0.85423640508
191 0.854624715077
192 0.855315858027
193 0.855950830348
194 0.856418918919
195 0.856809671117
196 0.857163790296
197 0.85748046239
198 0.85800716379
199 0.858470367958
200 0.858906707913
201 0.859507489417
202 0.860100130251
203 0.860602409639
204 0.861122598502
205 0.861576847932
206 0.86192038424
207 0.862164604363
208 0.862367307066
209 0.862562683165
210 0.862732823185
211 0.862924943015
212 0.86310485184
213 0.863265223054
214 0.863417453598
215 0.863567241941
216 0.863704819277
217 0.863891240638
218 0.864059752524
219 0.864255128623
220 0.864553891241
221 0.864772061218
222 0.864929176164
223 0.86507815044
224 0.865204330837
225 0.865356561381
226 0.865542168675
227 0.865639042657
228 0.866042005861
229 0.866483230218
230 0.867136926083
231 0.867355910127
232 0.867574894171
233 0.867762943667
234 0.867990882449
235 0.868294529469
236 0.868569684142
237 0.868972647346
238 0.869343047867
239 0.869787528492
240 0.870138391403
241 0.870323998697
242 0.870536470205
243 0.870809182677
244 0.871014327581
245 0.871259361771
246 0.871536958645
247 0.871800716379
248 0.872219960925
249 0.872593617714
250 0.872937968089
251 0.873259524585
252 0.873494789971
253 0.873695050472
254 0.87382937154
255 0.874049169652
256 0.874256756757
257 0.874432595246
258 0.874615760339
259 0.874811136438
260 0.875029306415
261 0.875495766851
262 0.875846629762
263 0.876099804624
264 0.876419732986
265 0.876625691957
266 0.877094594595
267 0.877536633019
268 0.87777027027
269 0.878313253012
270 0.878463855422
271 0.878686909801
272 0.878966948877
273 0.879246173885
274 0.879522956692
275 0.879746825138
276 0.879899869749
277 0.880085477043
278 0.880260501465
279 0.880389938131
280 0.880562520352
281 0.880702539889
282 0.880834418756
283 0.880979322696
284 0.881076196679
285 0.881160045588
286 0.881224356887
287 0.881304949528
288 0.881418104852
289 0.881523933572
290 0.881616737219
291 0.881767339629
292 0.881908173233
293 0.882148323022
294 0.882232171931
295 0.882345327255
296 0.882461738847
297 0.88257815044
298 0.882665255617
299 0.882761315532
300 0.882832953435
301 0.882903777271
302 0.883003093455
303 0.883099967437
304 0.883218007164
305 0.883290459134
306 0.883363725171
307 0.883463041355
308 0.883547704331
309 0.883654347118
310 0.883789482253
311 0.883979159883
312 0.884101269945
313 0.884227450342
314 0.884418756106
315 0.884544122436
316 0.884636112016
317 0.88475740801
318 0.884894985347
319 0.885055356561
320 0.885176652556
321 0.88524259199
322 0.885327254966
323 0.885428199284
324 0.885501465321
325 0.885569846955
326 0.885639042657
327 0.885731846304
328 0.885804298274
329 0.885868609573
330 0.885941061543
331 0.885999674373
332 0.886076196679
333 0.886175512862
334 0.886326115272
335 0.886431129925
336 0.886564636926
337 0.886672907848
338 0.886748616086
339 0.886891077825
340 0.886995278411
341 0.887081569521
342 0.887191468577
343 0.887352653859
344 0.887434060567
345 0.887531748616
346 0.887661185282
347 0.887801204819
348 0.887942038424
349 0.888033213937
350 0.888141484858
351 0.888257896451
352 0.888366167372
353 0.888457342885
354 0.888554216867
355 0.888665744057
356 0.888769130576
357 0.888850537284
358 0.888910778248
359 0.889018235103
360 0.889087430804
361 0.889168023445
362 0.889242103549
363 0.88932839466
364 0.889410615435
365 0.889487951807
366 0.889570172582
367 0.889643438619
368 0.889741126669
369 0.889871377401
370 0.889934060567
371 0.890021165744
372 0.890131878867
373 0.890212471508
374 0.890327254966
375 0.890416802345
376 0.890503093455
377 0.890605665907
378 0.890698469554
379 0.890828720287
380 0.890932106806
381 0.891032237056
382 0.891147834582
383 0.891258547704
384 0.891393682839
385 0.89149381309
386 0.891598013676
387 0.891701400195
388 0.891814555519
389 0.891917942038
390 0.892046564637
391 0.892332302182
392 0.892524422012
393 0.892727938782
394 0.892903777271
395 0.893223705633
396 0.893477694562
397 0.89376261804
398 0.894001953761
399 0.89423640508
400 0.894419570173
401 0.894649951156
402 0.89499430153
403 0.895210843373
404 0.89543471182
405 0.895686258548
406 0.895917453598
407 0.896180397265
408 0.896387170303
409 0.896558938457
410 0.89680315858
411 0.8969732986
412 0.897403126018
413 0.897595245848
414 0.897767014002
415 0.898033213937
416 0.898187886682
417 0.898365353305
418 0.89853386519
419 0.898778899381
420 0.89901904917
421 0.899150113969
422 0.899392705959
423 0.899631227613
424 0.899861608597
425 0.900124552263
426 0.900284923478
427 0.90046808857
428 0.900655323999
429 0.900965483556
430 0.901250407034
431 0.901563008792
432 0.901884565288
433 0.9021711169
434 0.902358352328
435 0.902543959622
436 0.902777596874
437 0.90304623901
438 0.903335232823
439 0.903747150765
440 0.904134646695
441 0.904647508955
442 0.90507245197
443 0.905545424943
444 0.906071312276
445 0.906304949528
446 0.906471019212
447 0.906589873006
448 0.906692445458
449 0.906788505373
450 0.906846304135
451 0.906922826441
452 0.907003419082
453 0.90711250407
454 0.90740801042
455 0.907472321719
456 0.907574894171
457 0.907651416477
458 0.907711657441
459 0.9078288831
460 0.907939596223
461 0.908075545425
462 0.908254640182
463 0.908512699446
464 0.908803321394
465 0.909146043634
466 0.909666232498
467 0.909959296646
468 0.910426571149
469 0.910853956366
470 0.911201563009
471 0.911397753175
472 0.911580918268
473 0.911955389124
474 0.912149951156
475 0.91234939759
476 0.912684793227
477 0.9128956366
478 0.913131716053
479 0.913393031586
480 0.913549332465
481 0.913800065125
482 0.913930315858
483 0.914050797786
484 0.914168023445
485 0.91430885705
486 0.914415499837
487 0.914495278411
488 0.914630413546
489 0.91477694562
490 0.914886030609
491 0.915038261153
492 0.915201074569
493 0.91528980788
494 0.915384239661
495 0.915518560729
496 0.9156577662
497 0.915796157603
498 0.91592803647
499 0.916082709215
500 0.916212959948
501 0.916369260827
502 0.916539400847
503 0.916674535982
504 0.916788505373
505 0.916924454575
506 0.917028655161
507 0.917121458808
508 0.917231357864
509 0.917334744383
510 0.917447899707
511 0.917527678281
512 0.917631878867
513 0.91773689352
514 0.917853305112
515 0.91796808857
516 0.918116248779
517 0.918272549658
518 0.918434549007
519 0.918618528167
520 0.918820416802
521 0.918939270596
522 0.919055682188
523 0.919150113969
524 0.919253500488
525 0.919357701075
526 0.919483881472
527 0.919594594595
528 0.919723217193
529 0.919851025725
530 0.91994138717
531 0.920039889287
532 0.920122110062
533 0.920226310648
534 0.920360631716
535 0.92046808857
536 0.920567404754
537 0.920747313579
538 0.920840117226
539 0.920902800391
540 0.921031422989
541 0.921104689026
542 0.921216216216
543 0.921289482253
544 0.921330185607
545 0.921396125041
546 0.921565450993
547 0.921671279713
548 0.921774666232
549 0.92200667535
550 0.922158091827
551 0.922279387822
552 0.922401497883
553 0.922585477043
554 0.922697004233
555 0.922775154673
556 0.922876913058
557 0.922995766851
558 0.923095897102
559 0.923219635298
560 0.923331162488
561 0.9234866493
562 0.923629111039
563 0.923764246174
564 0.9238822859
565 0.923937642462
566 0.924018235103
567 0.924093943341
568 0.924147671768
569 0.924214425269
570 0.9243422338
571 0.924459459459
572 0.924560403777
573 0.924644252686
574 0.924728915663
575 0.924789970694
576 0.924836372517
577 0.924903126018
578 0.925031748616
579 0.925122924129
580 0.925236079453
581 0.925308531423
582 0.925372842722
583 0.92543471182
584 0.925499837187
585 0.925566590687
586 0.925633344188
587 0.925704982091
588 0.925770107457
589 0.925834418756
590 0.925881634647
591 0.925971182025
592 0.926030608922
593 0.926088407685
594 0.926138065777
595 0.926187723868
596 0.926230055357
597 0.926278085314
598 0.926328557473
599 0.926396939108
600 0.926485672419
601 0.926593943341
602 0.926666395311
603 0.926724194074
604 0.926787691306
605 0.926838163465
606 0.92688130902
607 0.926930153045
608 0.926961087594
609 0.92698713774
610 0.927022956692
611 0.927066916314
612 0.927103549332
613 0.927154835558
614 0.92719065451
615 0.927235428199
616 0.927286714425
617 0.927361608597
618 0.927446271573
619 0.927496743732
620 0.927583034842
621 0.927653858678
622 0.92772305438
623 0.927780853142
624 0.92783458157
625 0.9278956366
626 0.927933897753
627 0.927962390101
628 0.927978671443
629 0.928027515467
630 0.928069846955
631 0.928123575383
632 0.928184630414
633 0.928299413872
634 0.928333604689
635 0.928372679909
636 0.928410941062
637 0.928452458483
638 0.92852572452
639 0.928611201563
640 0.92870400521
641 0.928768316509
642 0.928835884077
643 0.928909964181
644 0.928949039401
645 0.928995441224
646 0.929044285249
647 0.92909150114
648 0.929133832628
649 0.929185932921
650 0.92935607294
651 0.929648323022
652 0.929903126018
653 0.930109084989
654 0.930229566916
655 0.930350862911
656 0.930425757082
657 0.930503093455
658 0.930534028004
659 0.930576359492
660 0.930605665907
661 0.930647183328
662 0.930693585151
663 0.930760338652
664 0.930813253012
665 0.930884890915
666 0.93102002605
667 0.931125040703
668 0.931220286552
669 0.931339954412
670 0.931437642462
671 0.931578476066
672 0.931673721915
673 0.931738033214
674 0.931795017909
675 0.931844676001
676 0.93192852491
677 0.931998534679
678 0.932096222729
679 0.932169488766
680 0.932232985998
681 0.932318463041
682 0.932399869749
683 0.932450341908
684 0.932527678281
685 0.932617225659
686 0.93272305438
687 0.932788993813
688 0.93286225985
689 0.933097525236
690 0.933209052426
691 0.93329697167
692 0.933356398567
693 0.933396287854
694 0.933436177141
695 0.933465483556
696 0.933502930641
697 0.933538749593
698 0.933565613807
699 0.933600618691
700 0.93362585477
701 0.933653533051
702 0.933695050472
703 0.933757733637
704 0.933826115272
705 0.933929501791
706 0.933986486486
707 0.934078476066
708 0.934179420384
709 0.93426408336
710 0.934338977532
711 0.93443992185
712 0.934589710192
713 0.934712634321
714 0.934775317486
715 0.934834744383
716 0.934899869749
717 0.934974763921
718 0.935070823836
719 0.9351310648
720 0.935248290459
721 0.935331325301
722 0.935394008466
723 0.935431455552
724 0.93547378704
725 0.93551286226
726 0.935555193748
727 0.935637414523
728 0.935745685444
729 0.935848257896
730 0.935987463367
731 0.936060729404
732 0.93612585477
733 0.936221914686
734 0.93634890915
735 0.936419732986
736 0.936470205145
737 0.936500325627
738 0.936528817975
739 0.936553239987
740 0.936708726799
741 0.936765711495
742 0.936807228916
743 0.936852816672
744 0.936877238684
745 0.936902474764
746 0.936945620319
747 0.93700097688
748 0.937035981765
749 0.93705958971
750 0.937077499186
751 0.937107619668
752 0.937132855747
753 0.937160534028
754 0.93719065451
755 0.937207749919
756 0.937225659394
757 0.937251709541
758 0.937269619017
759 0.937285900358
760 0.937314392706
761 0.93733555845
762 0.937351839792
763 0.9373689352
764 0.937389286877
765 0.937410452621
766 0.937438130902
767 0.937454412244
768 0.937469065451
769 0.937491045262
770 0.937511396939
771 0.937526050147
772 0.937541517421
773 0.937556984696
774 0.93757245197
775 0.937603386519
776 0.937640833605
777 0.937681536959
778 0.937762129599
779 0.937839465972
780 0.937898078802
781 0.937937968089
782 0.937963204168
783 0.937972158906
784 0.937999837187
785 0.938012048193
786 0.938024259199
787 0.938042168675
788 0.93806007815
789 0.938082057962
790 0.938098339303
791 0.938126831651
792 0.938221263432
793 0.938306740475
794 0.938502930641
795 0.938568056008
796 0.938620156301
797 0.938963692608
798 0.93899951156
799 0.939019863237
800 0.939049983719
801 0.939229892543
802 0.939319439922
803 0.939369098014
804 0.939413871703
805 0.93944806252
806 0.939492022143
807 0.939518072289
808 0.939558775643
809 0.939599478997
810 0.939661348095
811 0.939737870401
812 0.939811950505
813 0.939885216542
814 0.940028492348
815 0.940081406708
816 0.940146532074
817 0.940234451319
818 0.940377727125
819 0.9405267014
820 0.940589384565
821 0.940623575383
822 0.940705796158
823 0.940835232823
824 0.941022468251
825 0.941152718984
826 0.941339954412
827 0.941626506024
828 0.941731520677
829 0.941785249105
830 0.941815369586
831 0.941865027678
832 0.941930153045
833 0.942009117551
834 0.942106805601
835 0.942186584175
836 0.942212634321
837 0.942234614132
838 0.942291598828
839 0.942314392706
840 0.942333930316
841 0.942353467926
842 0.942387658743
843 0.942423477695
844 0.942425105829
845 0.942429176164
846 0.942434874634
847 0.942443015304
848 0.942451970042
849 0.942457668512
850 0.942463366981
851 0.942465809183
852 0.942474763921
853 0.942484532725
854 0.942497557799
855 0.942509768805
856 0.942523607945
857 0.942529306415
858 0.942536633019
859 0.942546401824
860 0.942553728427
861 0.942565939433
862 0.942569195702
863 0.942576522305
864 0.942585477043
865 0.942612341257
866 0.942641647672
867 0.942698632367
868 0.942753988929
869 0.94280934549
870 0.942841908173
871 0.942875284923
872 0.942931455552
873 0.943086128297
874 0.943985672419
875 0.944026375773
876 0.944076847932
877 0.944179420384
878 0.94426408336
879 0.944431781179
880 0.944619830674
881 0.944879518072
882 0.945284923478
883 0.945606479974
884 0.945804298274
885 0.94590035819
886 0.946119342234
887 0.946396939108
888 0.94692038424
889 0.947162162162
890 0.947262292413
891 0.947744220124
892 0.94786225985
893 0.948025887333
894 0.948705633344
895 0.949876261804
896 0.95071068056
897 0.951370074894
898 0.951545099316
899 0.951767339629
900 0.95211250407
901 0.952283458157
902 0.952610713123
903 0.953971833279
904 0.954606805601
905 0.954786714425
906 0.954822533377
907 0.954838000651
908 0.95484125692
909 0.954859980462
910 0.95488847281
911 0.954979648323
912 0.955361445783
913 0.9553956366
914 0.955627645718
915 0.955649625529
916 0.955652881797
917 0.955658580267
918 0.955661022468
919 0.955663464669
920 0.95567160534
921 0.955678931944
922 0.955682188212
923 0.955698469554
924 0.955705796158
925 0.955709052426
926 0.955713122761
927 0.955718007164
928 0.955731032237
929 0.95573591664
930 0.955740801042
931 0.95574405731
932 0.95574975578
933 0.955753012048
934 0.955758710518
935 0.955768479323
936 0.955897101921
937 0.955926408336
938 0.955966297623
939 0.955989091501
940 0.956035493325
941 0.956103874959
942 0.956355421687
943 0.956437642462
944 0.956610224683
945 0.956692445458
946 0.956996906545
947 0.957109247802
948 0.957733637252
949 0.958959622273
950 0.959159068707
951 0.959334093129
952 0.959591338326
953 0.959664604363
954 0.959740312602
955 0.959818463041
956 0.959974763921
957 0.960070823836
958 0.960223868447
959 0.960264571801
960 0.960320742429
961 0.960370400521
962 0.960442038424
963 0.960543796809
964 0.960608922175
965 0.960694399218
966 0.960876750244
967 0.961050146532
968 0.961147020514
969 0.961158417454
970 0.961227613155
971 0.961239824162
972 0.961257733637
973 0.961268316509
974 0.961321230869
975 0.961402637577
976 0.961451481602
977 0.961547541517
978 0.96161917942
979 0.96168349072
980 0.961745359818
981 0.961805600782
982 0.962019700423
983 0.962106805601
984 0.962193910778
985 0.96237463367
986 0.96246092478
987 0.962692933898
988 0.962777596874
989 0.962877727125
990 0.96313253012
991 0.963556659069
992 0.964203842397
993 0.965694399218
994 0.967119016607
995 0.972087267991
996 0.97561869098
997 0.97957912732
998 0.983849723217
999 1.0
