0.0 0.814986615416
0.0555555555556 1.99147199912e-08
0.0588235294118 1.19488319947e-07
0.0625 1.39403039938e-07
0.0666666666667 2.38976639894e-07
0.0714285714286 2.19061919903e-07
0.0769230769231 7.16929919682e-07
0.0833333333333 1.3542009594e-06
0.0909090909091 2.36985167895e-06
0.0952380952381 3.98294399823e-08
0.1 3.6045643184e-06
0.105263157895 1.99147199912e-08
0.111111111111 6.05407487732e-06
0.117647058824 2.98720799868e-07
0.125 1.27454207943e-05
0.133333333333 3.78379679832e-07
0.136363636364 7.96588799647e-08
0.142857142857 2.76416313477e-05
0.153846153846 1.67283647926e-06
0.157894736842 3.98294399823e-08
0.166666666667 7.49988354867e-05
0.176470588235 1.39403039938e-07
0.181818181818 5.25748607767e-06
0.1875 3.58464959841e-07
0.2 0.000153522576412
0.214285714286 3.3855023985e-07
0.222222222222 1.40996217537e-05
0.230769230769 1.15505375949e-06
0.235294117647 9.95735999559e-08
0.25 0.000445213480123
0.266666666667 7.96588799647e-08
0.272727272727 3.52490543844e-06
0.277777777778 3.98294399823e-08
0.285714285714 3.67426583837e-05
0.294117647059 1.59317759929e-07
0.3 8.62307375618e-06
0.307692307692 8.5633295962e-07
0.3125 3.98294399823e-08
0.318181818182 1.99147199912e-08
0.333333333333 0.000658281069308
0.352941176471 1.39403039938e-07
0.357142857143 9.95735999559e-07
0.363636363636 2.40968111893e-06
0.375 1.8122395192e-05
0.384615384615 1.07539487952e-06
0.388888888889 1.99147199912e-08
0.4 0.00058656816262
0.411764705882 3.98294399823e-08
0.416666666667 1.99147199912e-06
0.428571428571 5.28934962965e-05
0.4375 3.98294399823e-08
0.444444444444 2.01536966311e-05
0.454545454545 2.96729327868e-06
0.461538461538 1.01565071955e-06
0.466666666667 7.96588799647e-08
0.470588235294 7.96588799647e-08
0.473684210526 1.99147199912e-08
0.5 0.00363839942767
0.526315789474 1.99147199912e-08
0.529411764706 1.99147199912e-08
0.533333333333 1.19488319947e-07
0.538461538462 5.57612159753e-07
0.545454545455 3.40541711849e-06
0.555555555556 1.09530959951e-05
0.5625 3.98294399823e-08
0.571428571429 5.01850943777e-05
0.583333333333 7.56759359664e-07
0.588235294118 3.98294399823e-08
0.6 0.000571512634307
0.615384615385 5.37697439762e-07
0.619047619048 3.98294399823e-08
0.625 1.19090025547e-05
0.636363636364 1.63300703928e-06
0.642857142857 1.39403039938e-07
0.647058823529 5.97441599735e-08
0.666666666667 0.00249493603521
0.684210526316 3.98294399823e-08
0.6875 2.78806079876e-07
0.692307692308 3.18635519859e-07
0.7 3.32575823853e-06
0.705882352941 1.39403039938e-07
0.714285714286 6.22733294124e-05
0.722222222222 1.99147199912e-08
0.727272727273 1.47368927935e-06
0.733333333333 4.18209119815e-07
0.736842105263 9.95735999559e-08
0.75 0.00114127277325
0.764705882353 5.97441599735e-08
0.769230769231 2.38976639894e-07
0.777777777778 1.32432887941e-05
0.785714285714 4.77953279788e-07
0.789473684211 1.99147199912e-08
0.8 0.00122702555754
0.818181818182 1.89189839916e-06
0.823529411765 3.98294399823e-08
0.833333333333 0.000694207224172
0.842105263158 1.19488319947e-07
0.846153846154 8.36418239629e-07
0.85 1.99147199912e-08
0.857142857143 0.00011204021467
0.866666666667 1.59317759929e-07
0.875 5.91467183738e-05
0.882352941176 7.96588799647e-08
0.888888888889 3.96103780624e-05
0.894736842105 5.97441599735e-08
0.9 9.55906559576e-06
0.909090909091 7.28878751677e-06
0.916666666667 5.21765663769e-06
0.923076923077 3.66430847838e-06
0.928571428571 1.01565071955e-06
0.933333333333 6.57185759709e-07
0.9375 6.17356319726e-07
0.941176470588 7.96588799647e-08
0.944444444444 7.96588799647e-08
0.947368421053 3.98294399823e-08
0.954545454545 1.99147199912e-08
0.95652173913 3.98294399823e-08
1.0 0.172690992271
