0.05 5.11028e-08
0.0555555555556 5.11028e-08
0.0588235294118 3.57719e-07
0.0625 3.06617e-07
0.0666666666667 6.13233e-07
0.0714285714286 8.17644e-07
0.0769230769231 1.22647e-06
0.0833333333333 4.80366e-06
0.0909090909091 6.74557e-06
0.0952380952381 5.11028e-08
0.1 1.08338e-05
0.105263157895 5.11028e-08
0.111111111111 2.85153e-05
0.117647058824 7.15439e-07
0.125 4.078e-05
0.133333333333 1.07316e-06
0.136363636364 2.04411e-07
0.142857142857 7.58876e-05
0.153846153846 4.59925e-06
0.157894736842 1.02206e-07
0.166666666667 0.000212741
0.176470588235 4.08822e-07
0.181818181818 1.2418e-05
0.1875 9.1985e-07
0.2 0.000412859
0.214285714286 8.17644e-07
0.222222222222 3.35234e-05
0.230769230769 2.09521e-06
0.235294117647 2.55514e-07
0.25 0.00472512
0.266666666667 1.53308e-07
0.272727272727 9.35181e-06
0.277777777778 1.02206e-07
0.285714285714 9.42846e-05
0.294117647059 2.55514e-07
0.3 1.8397e-05
0.307692307692 1.8397e-06
0.3125 3.06617e-07
0.318181818182 5.11028e-08
0.333333333333 0.00245482
0.352941176471 3.57719e-07
0.357142857143 2.35073e-06
0.363636363636 5.97902e-06
0.375 3.94513e-05
0.384615384615 3.6283e-06
0.388888888889 5.11028e-08
0.4 0.00147922
0.411764705882 5.11028e-08
0.416666666667 5.31469e-06
0.428571428571 0.000128626
0.4375 1.02206e-07
0.444444444444 3.50565e-05
0.454545454545 7.00108e-06
0.461538461538 2.65734e-06
0.466666666667 1.02206e-07
0.470588235294 2.04411e-07
0.473684210526 5.11028e-08
0.5 0.00888928
0.529411764706 5.11028e-08
0.533333333333 3.57719e-07
0.538461538462 1.99301e-06
0.545454545455 8.68747e-06
0.555555555556 2.75444e-05
0.5625 1.02206e-07
0.571428571429 0.000194139
0.583333333333 1.94191e-06
0.588235294118 1.02206e-07
0.6 0.000585791
0.615384615385 1.22647e-06
0.619047619048 1.02206e-07
0.625 2.70845e-05
0.636363636364 3.93491e-06
0.642857142857 3.57719e-07
0.647058823529 2.04411e-07
0.666666666667 0.0054173
0.684210526316 5.11028e-08
0.6875 7.66542e-07
0.692307692308 6.13233e-07
0.7 6.94998e-06
0.705882352941 2.55514e-07
0.714285714286 0.000114266
0.722222222222 5.11028e-08
0.727272727273 3.52609e-06
0.733333333333 9.70953e-07
0.736842105263 2.04411e-07
0.75 0.00373071
0.764705882353 1.53308e-07
0.769230769231 6.64336e-07
0.777777777778 2.74422e-05
0.785714285714 1.12426e-06
0.789473684211 5.11028e-08
0.8 0.00297393
0.818181818182 4.54815e-06
0.823529411765 1.02206e-07
0.833333333333 0.000577461
0.842105263158 3.57719e-07
0.846153846154 1.68639e-06
0.857142857143 0.00017007
0.866666666667 3.06617e-07
0.875 0.000152695
0.882352941176 3.06617e-07
0.888888888889 5.36068e-05
0.9 2.04922e-05
0.909090909091 2.05433e-05
0.916666666667 1.0936e-05
0.923076923077 9.09629e-06
0.928571428571 2.24852e-06
0.933333333333 1.58419e-06
0.9375 1.37977e-06
0.941176470588 2.04411e-07
0.944444444444 1.53308e-07
0.947368421053 1.02206e-07
0.95652173913 1.02206e-07
1.0 0.967081
