50000 0.00422946 50000 0.00683883 344397.2 50000 0.00538201
100000 0.00845763 100000 0.0136281 685136.6 100000 0.010764
150000 0.0126986 150000 0.0203464 1023117.9 150000 0.016146
200000 0.016931 200000 0.0271073 1365653.2 200000 0.0215281
250000 0.0211479 250000 0.0338986 1711739.8 250000 0.0269101
300000 0.0253698 300000 0.0407208 2055334.8 300000 0.0322921
350000 0.0296035 350000 0.0475005 2396336.15 350000 0.0376741
400000 0.0338768 400000 0.0542035 2722079.3 400000 0.0430561
450000 0.0381223 450000 0.0609974 3061073.65 450000 0.0484381
500000 0.042349 500000 0.0677643 3403706.5 500000 0.0538201
550000 0.04659 550000 0.0745602 3740684.85 550000 0.0592021
600000 0.0507908 600000 0.0814099 4086316.75 600000 0.0645842
650000 0.0550412 650000 0.0882266 4425693.95 650000 0.0699662
700000 0.0592933 700000 0.0949882 4760731.15 700000 0.0753482
750000 0.063548 750000 0.101786 5097349.75 750000 0.0807302
800000 0.0677731 800000 0.1085 5439038.3 800000 0.0861122
850000 0.0720015 850000 0.115315 5781609.05 850000 0.0914942
900000 0.0762208 900000 0.12213 6120994.05 900000 0.0968762
950000 0.0804555 950000 0.128921 6460316.6 950000 0.102258
1000000 0.0846932 1000000 0.135656 6803495.8 1000000 0.10764
1050000 0.0889028 1050000 0.14238 7140531.4 1050000 0.113022
1100000 0.0931354 1100000 0.149107 7479278.55 1100000 0.118404
1150000 0.0973823 1150000 0.155796 7813823.5 1150000 0.123786
1200000 0.101623 1200000 0.162624 8152776.0 1200000 0.129168
1250000 0.105902 1250000 0.169376 8482796.3 1250000 0.13455
1300000 0.110136 1300000 0.17609 8820231.75 1300000 0.139932
1350000 0.114397 1350000 0.182827 9156178.4 1350000 0.145314
1400000 0.118626 1400000 0.189587 9499585.0 1400000 0.150696
1450000 0.122858 1450000 0.196302 9839811.55 1450000 0.156078
1500000 0.127101 1500000 0.202996 10179249.45 1500000 0.16146
1550000 0.131327 1550000 0.20978 10521929.65 1550000 0.166842
1600000 0.135532 1600000 0.216494 10864728.75 1600000 0.172224
1650000 0.139764 1650000 0.223316 11203170.1 1650000 0.177606
1700000 0.143995 1700000 0.230119 11546193.25 1700000 0.182988
1750000 0.148246 1750000 0.236915 11883710.1 1750000 0.18837
1800000 0.152473 1800000 0.243625 12227195.6 1800000 0.193752
1850000 0.156694 1850000 0.250412 12568848.15 1850000 0.199134
1900000 0.160913 1900000 0.257086 12909176.55 1900000 0.204516
1950000 0.165123 1950000 0.263867 13253587.05 1950000 0.209899
2000000 0.169336 2000000 0.270598 13598370.7 2000000 0.215281
2050000 0.173574 2050000 0.277358 13938729.9 2050000 0.220663
2100000 0.177813 2100000 0.284154 14278468.45 2100000 0.226045
2150000 0.182073 2150000 0.29089 14612759.05 2150000 0.231427
2200000 0.186285 2200000 0.297642 14955826.25 2200000 0.236809
2250000 0.190488 2250000 0.304461 15303052.15 2250000 0.242191
2300000 0.194728 2300000 0.311149 15639011.4 2300000 0.247573
2350000 0.198964 2350000 0.31788 15982143.05 2350000 0.252955
2400000 0.203198 2400000 0.324719 16321179.75 2400000 0.258337
2450000 0.20739 2450000 0.331477 16664643.55 2450000 0.263719
2500000 0.211606 2500000 0.338231 17010146.05 2500000 0.269101
2550000 0.21586 2550000 0.345048 17343926.6 2550000 0.274483
2600000 0.220073 2600000 0.351827 17688898.1 2600000 0.279865
2650000 0.224318 2650000 0.358639 18028045.65 2650000 0.285247
2700000 0.228541 2700000 0.365347 18368726.3 2700000 0.290629
2750000 0.232809 2750000 0.372064 18701547.95 2750000 0.296011
2800000 0.237059 2800000 0.378903 19041381.3 2800000 0.301393
2850000 0.241298 2850000 0.385674 19379239.4 2850000 0.306775
2900000 0.245541 2900000 0.392481 19718557.65 2900000 0.312157
2950000 0.249786 2950000 0.399233 20054486.5 2950000 0.317539
3000000 0.25402 3000000 0.405971 20394408.8 3000000 0.322921
3050000 0.258228 3050000 0.412825 20743418.75 3050000 0.328303
3100000 0.262454 3100000 0.419566 21078976.7 3100000 0.333685
3150000 0.266709 3150000 0.426357 21413256.7 3150000 0.339067
3200000 0.270948 3200000 0.433152 21753456.25 3200000 0.344449
3250000 0.275171 3250000 0.439853 22096162.25 3250000 0.349831
3300000 0.279394 3300000 0.446585 22438732.75 3300000 0.355213
3350000 0.283632 3350000 0.453338 22773473.25 3350000 0.360595
3400000 0.28789 3400000 0.46009 23104236.25 3400000 0.365977
3450000 0.292075 3450000 0.466771 23448848.4 3450000 0.371359
3500000 0.296314 3500000 0.473589 23790371.6 3500000 0.376741
3550000 0.300556 3550000 0.480296 24128055.9 3550000 0.382123
3600000 0.304798 3600000 0.48703 24464232.6 3600000 0.387505
3650000 0.309035 3650000 0.493802 24804975.75 3650000 0.392887
3700000 0.31325 3700000 0.500592 25146492.1 3700000 0.398269
3750000 0.317462 3750000 0.50741 25490012.15 3750000 0.403651
3800000 0.321687 3800000 0.514191 25831558.25 3800000 0.409033
3850000 0.325888 3850000 0.521016 26176999.6 3850000 0.414415
3900000 0.330132 3900000 0.52778 26512823.15 3900000 0.419797
3950000 0.334392 3950000 0.534533 26844406.1 3950000 0.425179
4000000 0.338646 4000000 0.54122 27174010.3 4000000 0.430561
4050000 0.342876 4050000 0.54797 27515072.8 4050000 0.435943
4100000 0.347098 4100000 0.554695 27854173.7 4100000 0.441325
4150000 0.351328 4150000 0.561472 28193213.3 4150000 0.446707
4200000 0.355563 4200000 0.568275 28540622.75 4200000 0.452089
4250000 0.359795 4250000 0.575069 28880761.55 4250000 0.457471
4300000 0.364028 4300000 0.581835 29219232.9 4300000 0.462853
4350000 0.368269 4350000 0.588559 29555674.85 4350000 0.468235
4400000 0.372513 4400000 0.595287 29890224.4 4400000 0.473617
4450000 0.376732 4450000 0.602007 30228333.65 4450000 0.478999
4500000 0.380962 4500000 0.608824 30568358.1 4500000 0.484381
4550000 0.385184 4550000 0.615617 30910161.1 4550000 0.489763
4600000 0.389401 4600000 0.622399 31254463.75 4600000 0.495145
4650000 0.393651 4650000 0.629081 31592765.1 4650000 0.500527
4700000 0.397888 4700000 0.635772 31930216.8 4700000 0.505909
4750000 0.402109 4750000 0.642551 32269407.0 4750000 0.511291
4800000 0.406333 4800000 0.649329 32609166.5 4800000 0.516673
4850000 0.410593 4850000 0.656072 32945514.2 4850000 0.522055
4900000 0.41483 4900000 0.662821 33281949.05 4900000 0.527437
4950000 0.419022 4950000 0.669692 33632104.1 4950000 0.532819
5000000 0.423235 5000000 0.676487 33974341.1 5000000 0.538201
5050000 0.427474 5050000 0.683283 34309404.2 5050000 0.543583
5100000 0.431731 5100000 0.690061 34645004.5 5100000 0.548965
5150000 0.435967 5150000 0.696803 34980007.0 5150000 0.554347
5200000 0.440201 5200000 0.703472 35317299.55 5200000 0.559729
5250000 0.444431 5250000 0.710167 35650776.35 5250000 0.565111
5300000 0.448668 5300000 0.71693 35994771.3 5300000 0.570493
5350000 0.452908 5350000 0.72367 36329868.2 5350000 0.575875
5400000 0.457154 5400000 0.73037 36664691.05 5400000 0.581257
5450000 0.461404 5450000 0.737102 37000517.95 5450000 0.586639
5500000 0.46563 5500000 0.743836 37339126.95 5500000 0.592021
5550000 0.469874 5550000 0.750536 37678320.3 5550000 0.597403
5600000 0.474095 5600000 0.757338 38017766.5 5600000 0.602785
5650000 0.478309 5650000 0.764093 38361760.45 5650000 0.608167
5700000 0.482523 5700000 0.77085 38704185.75 5700000 0.613549
5750000 0.486734 5750000 0.777642 39048529.8 5750000 0.618932
5800000 0.490976 5800000 0.784438 39390893.7 5800000 0.624314
5850000 0.495197 5850000 0.791136 39731312.85 5850000 0.629696
5900000 0.499456 5900000 0.797877 40067333.7 5900000 0.635078
5950000 0.503679 5950000 0.804657 40407331.0 5950000 0.64046
6000000 0.507914 6000000 0.811373 40747732.65 6000000 0.645842
6050000 0.512164 6050000 0.818084 41084266.25 6050000 0.651224
6100000 0.516418 6100000 0.824823 41416999.1 6100000 0.656606
6150000 0.520681 6150000 0.831555 41749333.0 6150000 0.661988
6200000 0.524925 6200000 0.838302 42085592.0 6200000 0.66737
6250000 0.529148 6250000 0.845083 42424552.5 6250000 0.672752
6300000 0.533364 6300000 0.851892 42769228.35 6300000 0.678134
6350000 0.53758 6350000 0.858648 43110590.6 6350000 0.683516
6400000 0.541794 6400000 0.865412 43455428.0 6400000 0.688898
6450000 0.546042 6450000 0.872197 43793509.45 6450000 0.69428
6500000 0.55026 6500000 0.87895 44137703.3 6500000 0.699662
6550000 0.554474 6550000 0.885797 44481340.15 6550000 0.705044
6600000 0.558715 6600000 0.892523 44818993.3 6600000 0.710426
6650000 0.562955 6650000 0.899311 45160481.35 6650000 0.715808
6700000 0.567216 6700000 0.906106 45495935.55 6700000 0.72119
6750000 0.571443 6750000 0.91284 45837080.65 6750000 0.726572
6800000 0.575671 6800000 0.919645 46178398.85 6800000 0.731954
6850000 0.579886 6850000 0.926377 46522351.9 6850000 0.737336
6900000 0.584126 6900000 0.933201 46866460.75 6900000 0.742718
6950000 0.588352 6950000 0.94 47208072.45 6950000 0.7481
7000000 0.592584 7000000 0.946767 47544094.95 7000000 0.753482
7050000 0.596834 7050000 0.953474 47880190.05 7050000 0.758864
7100000 0.601066 7100000 0.960182 48218823.9 7100000 0.764246
7150000 0.605273 7150000 0.967109 48566115.45 7150000 0.769628
7200000 0.609515 7200000 0.973931 48905908.25 7200000 0.77501
7250000 0.613729 7250000 0.980774 49253495.2 7250000 0.780392
7300000 0.617938 7300000 0.987588 49596038.7 7300000 0.785774
7350000 0.622173 7350000 0.994436 49935650.15 7350000 0.791156
7391278 0.62568 7391278 1 50211578.0 7391278 0.795599
7391278 0.62568 50211578.0 1 50211578.0 9290204 1
