50000 39292.5 10707.5 63534.15 344397.2
100000 78573.15 21426.85 126607.65 685136.6
150000 117972.9 32027.1 189021.9 1023117.9
200000 157292.75 42707.25 251832.7 1365653.2
250000 196468.05 53531.95 314924.85 1711739.8
300000 235690.2 64309.8 378304.65 2055334.8
350000 275022.7 74977.3 441289.2 2396336.15
400000 314722.8 85277.2 503561.25 2722079.3
450000 354164.1 95835.9 566678.3 3061073.65
500000 393431.15 106568.85 629544.35 3403706.5
550000 432830.9 117169.1 692679.65 3740684.85
600000 471857.3 128142.7 756314.5 4086316.75
650000 511343.9 138656.1 819643.2 4425693.95
700000 550846.85 149153.15 882460.05 4760731.15
750000 590374.15 159625.85 945613.8 5097349.75
800000 629626.1 170373.9 1007982.9 5439038.3
850000 668908.45 181091.55 1071304.25 5781609.05
900000 708107.15 191892.85 1134614.75 6120994.05
950000 747447.95 202552.05 1197702.25 6460316.6
1000000 786816.95 213183.05 1260274.15 6803495.8
1050000 825925.55 224074.45 1322739.5 7140531.4
1100000 865246.65 234753.35 1385233.1 7479278.55
1150000 904701.55 245298.45 1447372.55 7813823.5
1200000 944102.4 255897.6 1510813.7 8152776.0
1250000 983847.15 266152.85 1573536.95 8482796.3
1300000 1023185.55 276814.45 1635913.55 8820231.75
1350000 1062774.05 287225.95 1698502.85 9156178.4
1400000 1102061.05 297938.95 1761305.4 9499585.0
1450000 1141372.0 308628.0 1823683.2 9839811.55
1500000 1180797.6 319202.4 1885873.25 10179249.45
1550000 1220055.95 329944.05 1948898.25 10521929.65
1600000 1259117.2 340882.8 2011269.1 10864728.75
1650000 1298436.05 351563.95 2074647.05 11203170.1
1700000 1337745.75 362254.25 2137849.25 11546193.25
1750000 1377231.3 372768.7 2200988.75 11883710.1
1800000 1416503.8 383496.2 2263327.05 12227195.6
1850000 1455716.45 394283.55 2326379.9 12568848.15
1900000 1494916.9 405083.1 2388382.25 12909176.55
1950000 1534028.6 415971.4 2451378.05 13253587.05
2000000 1573162.55 426837.45 2513912.8 13598370.7
2050000 1612538.4 437461.6 2576708.2 13938729.9
2100000 1651918.35 448081.65 2639847.45 14278468.45
2150000 1691497.1 458502.9 2702431.05 14612759.05
2200000 1730629.9 469370.1 2765157.55 14955826.25
2250000 1769672.35 480327.65 2828504.6 15303052.15
2300000 1809063.25 490936.75 2890640.45 15639011.4
2350000 1848416.95 501583.05 2953171.95 15982143.05
2400000 1887754.25 512245.75 3016708.8 16321179.75
2450000 1926698.3 523301.7 3079487.8 16664643.55
2500000 1965863.45 534136.55 3142233.0 17010146.05
2550000 2005387.25 544612.75 3205569.4 17343926.6
2600000 2044521.15 555478.85 3268547.75 17688898.1
2650000 2083960.75 566039.25 3331831.55 18028045.65
2700000 2123195.3 576804.7 3394144.4 18368726.3
2750000 2162841.3 587158.7 3456552.2 18701547.95
2800000 2202325.4 597674.6 3520082.9 19041381.3
2850000 2241712.15 608287.85 3582985.9 19379239.4
2900000 2281123.6 618876.4 3646224.65 19718557.65
2950000 2320564.45 629435.55 3708957.5 20054486.5
3000000 2359901.45 640098.55 3771552.55 20394408.8
3050000 2398993.6 651006.4 3835228.2 20743418.75
3100000 2438253.65 661746.35 3897849.3 21078976.7
3150000 2477785.25 672214.75 3960946.4 21413256.7
3200000 2517160.1 682839.9 4024065.8 21753456.25
3250000 2556393.0 693607.0 4086328.25 22096162.25
3300000 2595627.1 704372.9 4148868.45 22438732.75
3350000 2635000.75 714999.25 4211602.4 22773473.25
3400000 2674554.3 725445.7 4274330.45 23104236.25
3450000 2713434.05 736565.95 4336395.15 23448848.4
3500000 2752816.5 747183.5 4399733.85 23790371.6
3550000 2792231.1 757768.9 4462052.0 24128055.9
3600000 2831637.8 768362.2 4524606.05 24464232.6
3650000 2870999.25 779000.75 4587525.2 24804975.75
3700000 2910152.2 789847.8 4650604.4 25146492.1
3750000 2949282.45 800717.55 4713941.8 25490012.15
3800000 2988539.9 811460.1 4776942.0 25831558.25
3850000 3027566.65 822433.35 4840348.9 26176999.6
3900000 3066994.4 833005.6 4903186.25 26512823.15
3950000 3106566.15 843433.85 4965917.55 26844406.1
4000000 3146088.7 853911.3 5028043.75 27174010.3
4050000 3185390.85 864609.15 5090755.5 27515072.8
4100000 3224611.0 875389.0 5153232.3 27854173.7
4150000 3263910.45 886089.55 5216191.0 28193213.3
4200000 3303253.1 896746.9 5279391.6 28540622.75
4250000 3342570.1 907429.9 5342512.45 28880761.55
4300000 3381891.25 918108.75 5405366.1 29219232.9
4350000 3421289.95 928710.05 5467829.75 29555674.85
4400000 3460722.65 939277.35 5530336.8 29890224.4
4450000 3499918.6 950081.4 5592766.15 30228333.65
4500000 3539214.6 960785.4 5656097.15 30568358.1
4550000 3578438.7 971561.3 5719205.25 30910161.1
4600000 3617614.0 982386.0 5782210.9 31254463.75
4650000 3657100.0 992900.0 5844294.15 31592765.1
4700000 3696464.7 1003535.3 5906452.2 31930216.8
4750000 3735675.5 1014324.5 5969432.2 32269407.0
4800000 3774920.9 1025079.1 6032397.4 32609166.5
4850000 3814489.5 1035510.5 6095038.7 32945514.2
4900000 3853850.8 1046149.2 6157744.55 33281949.05
4950000 3892799.45 1057200.55 6221573.5 33632104.1
5000000 3931943.1 1068056.9 6284702.4 33974341.1
5050000 3971320.9 1078679.1 6347840.6 34309404.2
5100000 4010866.6 1089133.4 6410810.8 34645004.5
5150000 4050224.25 1099775.75 6473437.4 34980007.0
5200000 4089557.4 1110442.6 6535398.35 35317299.55
5250000 4128850.4 1121149.6 6597597.3 35650776.35
5300000 4168215.65 1131784.35 6660422.2 35994771.3
5350000 4207607.55 1142392.45 6723037.5 36329868.2
5400000 4247055.8 1152944.2 6785282.4 36664691.05
5450000 4286535.8 1163464.2 6847825.65 37000517.95
5500000 4325802.15 1174197.85 6910389.25 37339126.95
5550000 4365224.95 1184775.05 6972636.85 37678320.3
5600000 4404437.8 1195562.2 7035828.1 38017766.5
5650000 4443583.95 1206416.05 7098577.6 38361760.45
5700000 4482741.3 1217258.7 7161354.75 38704185.75
5750000 4521862.1 1228137.9 7224450.95 39048529.8
5800000 4561266.85 1238733.15 7287588.15 39390893.7
5850000 4600476.55 1249523.45 7349812.45 39731312.85
5900000 4640045.6 1259954.4 7412443.85 40067333.7
5950000 4679279.5 1270720.5 7475425.1 40407331.0
6000000 4718628.8 1281371.2 7537818.75 40747732.65
6050000 4758107.9 1291892.1 7600169.95 41084266.25
6100000 4797627.85 1302372.15 7662777.0 41416999.1
6150000 4837228.8 1312771.2 7725313.9 41749333.0
6200000 4876657.8 1323342.2 7787993.9 42085592.0
6250000 4915888.3 1334111.7 7850992.6 42424552.5
6300000 4955056.25 1344943.75 7914254.15 42769228.35
6350000 4994225.0 1355775.0 7977013.4 43110590.6
6400000 5033379.4 1366620.6 8039856.4 43455428.0
6450000 5072842.05 1377157.95 8102888.95 43793509.45
6500000 5112024.7 1387975.3 8165627.25 44137703.3
6550000 5151177.6 1398822.4 8229236.85 44481340.15
6600000 5190573.05 1409426.95 8291724.95 44818993.3
6650000 5229962.35 1420037.65 8354785.2 45160481.35
6700000 5269551.35 1430448.65 8417912.2 45495935.55
6750000 5308819.55 1441180.45 8480472.75 45837080.65
6800000 5348102.7 1451897.3 8543687.1 46178398.85
6850000 5387260.3 1462739.7 8606228.0 46522351.9
6900000 5426651.3 1473348.7 8669629.55 46866460.75
6950000 5465911.0 1484089.0 8732790.5 47208072.45
7000000 5505228.6 1494771.4 8795656.55 47544094.95
7050000 5544708.7 1505291.3 8857967.15 47880190.05
7100000 5584023.45 1515976.55 8920290.85 48218823.9
7150000 5623109.9 1526890.1 8984640.15 48566115.45
7200000 5662523.05 1537476.95 9048018.55 48905908.25
7250000 5701672.25 1548327.75 9111594.4 49253495.2
7300000 5740768.8 1559231.2 9174890.3 49596038.7
7350000 5780111.9 1569888.1 9238511.95 49935650.15
7391278 5812698.0 1578580.0 9290204.0 50211578.0
