50000 0.00422946 0.00538201 0.00683883 0.037071
100000 0.00845763 0.010764 0.0136281 0.0737483
150000 0.0126986 0.016146 0.0203464 0.110129
200000 0.016931 0.0215281 0.0271073 0.146999
250000 0.0211479 0.0269101 0.0338986 0.184252
300000 0.0253698 0.0322921 0.0407208 0.221237
350000 0.0296035 0.0376741 0.0475005 0.257942
400000 0.0338768 0.0430561 0.0542035 0.293005
450000 0.0381223 0.0484381 0.0609974 0.329495
500000 0.042349 0.0538201 0.0677643 0.366376
550000 0.04659 0.0592021 0.0745602 0.402648
600000 0.0507908 0.0645842 0.0814099 0.439852
650000 0.0550412 0.0699662 0.0882266 0.476383
700000 0.0592933 0.0753482 0.0949882 0.512446
750000 0.063548 0.0807302 0.101786 0.54868
800000 0.0677731 0.0861122 0.1085 0.58546
850000 0.0720015 0.0914942 0.115315 0.622334
900000 0.0762208 0.0968762 0.12213 0.658865
950000 0.0804555 0.102258 0.128921 0.69539
1000000 0.0846932 0.10764 0.135656 0.73233
1050000 0.0889028 0.113022 0.14238 0.768609
1100000 0.0931354 0.118404 0.149107 0.805072
1150000 0.0973823 0.123786 0.155796 0.841082
1200000 0.101623 0.129168 0.162624 0.877567
1250000 0.105902 0.13455 0.169376 0.91309
1300000 0.110136 0.139932 0.17609 0.949412
1350000 0.114397 0.145314 0.182827 0.985573
1400000 0.118626 0.150696 0.189587 1.02254
1450000 0.122858 0.156078 0.196302 1.05916
1500000 0.127101 0.16146 0.202996 1.0957
1550000 0.131327 0.166842 0.20978 1.13258
1600000 0.135532 0.172224 0.216494 1.16948
1650000 0.139764 0.177606 0.223316 1.20591
1700000 0.143995 0.182988 0.230119 1.24284
1750000 0.148246 0.18837 0.236915 1.27917
1800000 0.152473 0.193752 0.243625 1.31614
1850000 0.156694 0.199134 0.250412 1.35291
1900000 0.160913 0.204516 0.257086 1.38955
1950000 0.165123 0.209899 0.263867 1.42662
2000000 0.169336 0.215281 0.270598 1.46373
2050000 0.173574 0.220663 0.277358 1.50037
2100000 0.177813 0.226045 0.284154 1.53694
2150000 0.182073 0.231427 0.29089 1.57292
2200000 0.186285 0.236809 0.297642 1.60985
2250000 0.190488 0.242191 0.304461 1.64722
2300000 0.194728 0.247573 0.311149 1.68339
2350000 0.198964 0.252955 0.31788 1.72032
2400000 0.203198 0.258337 0.324719 1.75682
2450000 0.20739 0.263719 0.331477 1.79379
2500000 0.211606 0.269101 0.338231 1.83098
2550000 0.21586 0.274483 0.345048 1.8669
2600000 0.220073 0.279865 0.351827 1.90404
2650000 0.224318 0.285247 0.358639 1.94054
2700000 0.228541 0.290629 0.365347 1.97721
2750000 0.232809 0.296011 0.372064 2.01304
2800000 0.237059 0.301393 0.378903 2.04962
2850000 0.241298 0.306775 0.385674 2.08599
2900000 0.245541 0.312157 0.392481 2.12251
2950000 0.249786 0.317539 0.399233 2.15867
3000000 0.25402 0.322921 0.405971 2.19526
3050000 0.258228 0.328303 0.412825 2.23283
3100000 0.262454 0.333685 0.419566 2.26895
3150000 0.266709 0.339067 0.426357 2.30493
3200000 0.270948 0.344449 0.433152 2.34155
3250000 0.275171 0.349831 0.439853 2.37844
3300000 0.279394 0.355213 0.446585 2.41531
3350000 0.283632 0.360595 0.453338 2.45134
3400000 0.28789 0.365977 0.46009 2.48695
3450000 0.292075 0.371359 0.466771 2.52404
3500000 0.296314 0.376741 0.473589 2.5608
3550000 0.300556 0.382123 0.480296 2.59715
3600000 0.304798 0.387505 0.48703 2.63334
3650000 0.309035 0.392887 0.493802 2.67001
3700000 0.31325 0.398269 0.500592 2.70678
3750000 0.317462 0.403651 0.50741 2.74375
3800000 0.321687 0.409033 0.514191 2.78052
3850000 0.325888 0.414415 0.521016 2.8177
3900000 0.330132 0.419797 0.52778 2.85385
3950000 0.334392 0.425179 0.534533 2.88954
4000000 0.338646 0.430561 0.54122 2.92502
4050000 0.342876 0.435943 0.54797 2.96173
4100000 0.347098 0.441325 0.554695 2.99823
4150000 0.351328 0.446707 0.561472 3.03472
4200000 0.355563 0.452089 0.568275 3.07212
4250000 0.359795 0.457471 0.575069 3.10873
4300000 0.364028 0.462853 0.581835 3.14517
4350000 0.368269 0.468235 0.588559 3.18138
4400000 0.372513 0.473617 0.595287 3.21739
4450000 0.376732 0.478999 0.602007 3.25379
4500000 0.380962 0.484381 0.608824 3.29039
4550000 0.385184 0.489763 0.615617 3.32718
4600000 0.389401 0.495145 0.622399 3.36424
4650000 0.393651 0.500527 0.629081 3.40065
4700000 0.397888 0.505909 0.635772 3.43698
4750000 0.402109 0.511291 0.642551 3.47349
4800000 0.406333 0.516673 0.649329 3.51006
4850000 0.410593 0.522055 0.656072 3.54626
4900000 0.41483 0.527437 0.662821 3.58248
4950000 0.419022 0.532819 0.669692 3.62017
5000000 0.423235 0.538201 0.676487 3.65701
5050000 0.427474 0.543583 0.683283 3.69307
5100000 0.431731 0.548965 0.690061 3.7292
5150000 0.435967 0.554347 0.696803 3.76526
5200000 0.440201 0.559729 0.703472 3.80156
5250000 0.444431 0.565111 0.710167 3.83746
5300000 0.448668 0.570493 0.71693 3.87449
5350000 0.452908 0.575875 0.72367 3.91056
5400000 0.457154 0.581257 0.73037 3.9466
5450000 0.461404 0.586639 0.737102 3.98275
5500000 0.46563 0.592021 0.743836 4.01919
5550000 0.469874 0.597403 0.750536 4.0557
5600000 0.474095 0.602785 0.757338 4.09224
5650000 0.478309 0.608167 0.764093 4.12927
5700000 0.482523 0.613549 0.77085 4.16613
5750000 0.486734 0.618932 0.777642 4.20319
5800000 0.490976 0.624314 0.784438 4.24005
5850000 0.495197 0.629696 0.791136 4.27669
5900000 0.499456 0.635078 0.797877 4.31286
5950000 0.503679 0.64046 0.804657 4.34946
6000000 0.507914 0.645842 0.811373 4.3861
6050000 0.512164 0.651224 0.818084 4.42232
6100000 0.516418 0.656606 0.824823 4.45814
6150000 0.520681 0.661988 0.831555 4.49391
6200000 0.524925 0.66737 0.838302 4.5301
6250000 0.529148 0.672752 0.845083 4.56659
6300000 0.533364 0.678134 0.851892 4.60369
6350000 0.53758 0.683516 0.858648 4.64044
6400000 0.541794 0.688898 0.865412 4.67755
6450000 0.546042 0.69428 0.872197 4.71394
6500000 0.55026 0.699662 0.87895 4.75099
6550000 0.554474 0.705044 0.885797 4.78798
6600000 0.558715 0.710426 0.892523 4.82433
6650000 0.562955 0.715808 0.899311 4.86109
6700000 0.567216 0.72119 0.906106 4.89719
6750000 0.571443 0.726572 0.91284 4.93392
6800000 0.575671 0.731954 0.919645 4.97065
6850000 0.579886 0.737336 0.926377 5.00768
6900000 0.584126 0.742718 0.933201 5.04472
6950000 0.588352 0.7481 0.94 5.08149
7000000 0.592584 0.753482 0.946767 5.11766
7050000 0.596834 0.758864 0.953474 5.15384
7100000 0.601066 0.764246 0.960182 5.19029
7150000 0.605273 0.769628 0.967109 5.22767
7200000 0.609515 0.77501 0.973931 5.26424
7250000 0.613729 0.780392 0.980774 5.30166
7300000 0.617938 0.785774 0.987588 5.33853
7350000 0.622173 0.791156 0.994436 5.37509
7391278 0.62568 0.795599 1 5.40479
