1 1316 8926 11966 37963 11876
2 1391 8392 11597 26557 10091
3 1423 8152 8867 17794 8118
4 1438 8379 8142 14811 6353
5 1422 7735 7851 10464 5495
6 1387 7516 7150 8865 5404
7 1372 7181 7136 7429 4711
8 1199 7071 6984 7370 5175
9 1113 7112 6988 6938 5308
10 1194 7037 7227 6943 5993
11 1282 7442 7579 6550 6288
12 1247 6541 6817 6383 5810
13 1305 6280 6654 6180 5762
14 1300 6135 6856 6298 6508
15 1244 5917 7438 6278 7285
16 1301 5889 7474 6241 7717
17 1341 5680 6519 6137 6914
18 1260 5864 7157 6346 6902
19 1188 5979 6417 5692 6282
20 1289 5904 6281 5942 5865
21 1483 5061 5810 5625 4833
22 1370 5161 5102 5389 5122
23 1230 5170 4765 5094 4558
24 1226 5238 5935 5684 6100
25 1264 5584 5797 5687 5593
26 1229 5573 5442 5978 6324
27 1250 5457 6085 5696 6534
28 1280 4952 5857 5707 6026
29 1145 5132 5874 6150 6838
30 1534 5711 6234 6378 6820
31 1023 5794 5912 6215 9179
32 1448 5722 5467 6374 9859
33 1348 5297 5935 5670 9810
34 1231 5248 5194 5823 8063
35 1384 5756 5131 5307 6966
36 1315 4816 4859 4941 4865
37 1320 5925 5248 5210 5258
38 1465 4752 6035 5636 5744
39 1300 4768 5742 5740 6338
40 1102 5272 4969 5498 4695
41 1129 4907 4536 5192 5922
42 1009 4339 4878 5167 4264
43 1102 4546 4780 4789 5592
44 1197 4307 5489 4631 5336
45 852 3725 5575 5901 5882
46 1380 4115 4703 5065 5611
47 1334 4093 5199 5365 5812
48 1011 3756 4698 5484 6394
49 973 3593 5225 4990 6045
50 992 3727 5380 4841 4360
51 1000 3847 5978 4839 4995
52 818 4140 6101 4115 5708
53 737 3351 5840 4953 6369
54 770 3494 4725 4181 4914
55 898 3953 4445 3873 6328
56 958 3315 4200 4610 5699
57 1009 3406 4800 4155 4968
58 814 2996 3817 3514 4055
59 1185 3205 4148 4867 3758
60 1038 3169 3528 3491 4093
61 958 3428 4024 3582 4005
62 1026 3017 3233 2715 6328
63 1479 3436 3107 3235 2818
64 1261 3548 2833 3254 2693
65 1380 3002 2905 2818 2905
66 899 3351 3499 3028 2464
67 899 2981 3183 3384 3525
68 947 3052 2586 2878 2832
69 945 3649 2411 2600 2430
70 1449 3492 2547 2679 2713
71 1198 3688 3059 2648 3960
72 1100 3710 2855 2799 3925
73 1467 3730 2671 2444 2442
74 1142 2953 2848 3175 3090
75 793 3555 2726 2542 2638
76 1055 3118 2433 2260 2385
77 1183 3160 2697 2531 2398
78 999 3333 2568 2379 2620
79 1106 3071 3099 2674 3037
80 1421 3338 2348 2701 2585
81 1466 3095 2751 2450 2250
82 1168 2818 2645 2257 2265
83 1067 2821 2642 2009 2634
84 1594 2688 2740 2759 3441
85 1463 2895 3039 3570 3478
86 1191 2430 2810 2751 2224
87 1074 2876 2843 2575 2042
88 1237 3089 2809 2660 2540
89 1048 2427 2218 2206 2356
90 800 2395 2098 2775 1828
91 951 2434 2504 3095 2554
92 1079 2253 2144 2142 1665
93 1104 2418 2672 2817 2229
94 898 1894 3056 2750 2125
95 717 1819 2615 2488 2056
96 841 2240 2137 2570 2217
97 1035 2286 2123 2057 1448
98 1111 2695 2195 1775 1221
99 769 2143 1909 3529 2605
100 894 2258 1797 2750 1346
101 958 1983 2166 1741 1465
102 1134 2420 1676 2612 1439
103 895 2938 1611 1548 1505
104 750 2111 1922 2458 1344
105 1327 3084 1850 2365 2047
106 936 2018 1821 1326 1188
107 709 1943 2357 1924 1589
108 940 2390 1823 1189 914
109 865 2213 1668 1496 1337
110 1066 1816 1529 2062 1192
111 782 1665 1770 1469 766
112 820 1915 1366 1440 919
113 849 2257 1580 1534 779
114 764 2606 1279 1273 922
115 1002 2394 1583 1028 702
116 999 2538 2021 1589 1242
117 841 2326 1393 1490 1419
118 950 2741 1776 2378 1824
119 1032 2409 1756 2111 1223
120 989 2412 1562 953 1182
121 1118 2067 1956 1534 1365
122 452 1997 1151 1611 2519
123 1021 2179 1786 1639 1042
124 914 2631 1204 1630 2271
125 937 2780 1739 1650 1175
126 1684 2177 1444 1690 1527
127 1262 2327 1564 1754 886
128 813 2233 1216 1478 921
129 751 2142 1783 1930 916
130 1010 2545 1388 2151 474
131 872 1911 1478 1910 813
132 915 1770 1504 1480 1519
133 857 1823 1450 2005 491
134 614 1728 866 2162 504
135 716 2107 1500 2157 882
136 947 2093 1552 1834 1006
137 957 1403 1525 1471 1002
138 1018 2283 1960 2071 843
139 936 1871 1319 1640 898
140 1092 3408 2007 1716 1980
141 1061 1877 1280 1809 1239
142 1080 2487 1242 1344 765
143 1049 2369 1328 1854 802
144 984 2370 1714 1552 540
145 1288 2215 1875 2184 801
146 1078 2234 1789 1321 712
147 1296 2761 1639 1486 584
148 1168 2141 1722 1796 1304
149 1048 2277 1970 1591 840
150 1123 2110 1612 2222 1562
151 779 3277 1917 2235 1480
152 1062 2450 2155 1698 1314
153 991 2562 2131 2476 1602
154 792 1426 1791 1642 1047
155 753 2860 2249 1038 1342
156 1020 1590 1333 1808 1812
157 1084 2723 2210 1860 3950
158 936 2133 2118 2421 2532
159 930 2728 1589 2182 8073
160 1012 2474 2743 1827 5440
161 945 2259 1745 1783 6865
162 1032 2324 2170 2190 6548
163 1096 2857 1828 2067 2744
164 1137 3344 2782 2453 4076
165 1150 2638 1613 1978 1114
166 966 2429 1752 1553 1788
167 1513 2472 2351 1278 1083
168 867 2316 2019 1576 729
169 731 2296 1322 1534 1548
170 939 1796 1611 1197 1655
171 1234 1842 2438 1993 1498
172 597 1982 1375 1433 1142
173 1314 2997 1622 1574 1256
174 841 1989 2371 1452 853
175 1042 1705 1302 1278 1441
176 661 1459 1345 2172 1774
177 1220 2009 2126 2598 1722
178 890 1870 1937 2293 2158
179 1405 2121 1263 918 1356
180 602 1646 1494 2330 1143
181 1427 2453 2586 1685 1473
182 856 2260 1668 1682 1352
183 1019 1753 1570 1199 725
184 938 1799 2758 1856 1144
185 705 2623 2228 2156 760
186 1071 2101 1590 1870 18368
187 844 1875 1617 2204 1117
188 780 2234 1819 2868 1672
189 675 1352 2616 2350 1653
190 845 2178 2498 2693 2048
191 421 1506 1154 1523 1246
192 989 3232 1877 1362 1001
193 1303 2509 2144 2401 1055
194 640 2331 1190 1874 1417
195 661 1684 2135 1759 960
196 1103 1739 1789 1397 2149
197 1412 3142 1758 1280 897
198 962 2011 2142 1347 1060
199 1256 2141 2295 2170 1540
200 847 2678 2178 1557 1127
201 1120 1759 1782 1680 2057
202 970 1922 1898 2236 1234
203 1087 2090 2320 1301 1728
204 897 1293 1955 1430 962
205 974 2744 2443 1796 1059
206 1202 3063 1964 1823 849
207 991 2447 1393 1996 1385
208 1144 1817 2178 2897 1508
209 1059 2243 2061 1496 713
210 721 2370 1617 1798 1102
211 863 2536 1453 1992 1106
212 906 2151 1947 2090 1354
213 1140 2008 1140 1342 767
214 367 1538 1157 1704 786
215 793 2131 2163 2468 1107
216 975 2327 1600 1943 1327
217 704 1962 1738 2417 1667
218 1236 2724 2680 2355 1020
219 807 2485 2219 2252 1133
220 1346 2124 2112 2416 1008
221 942 1999 1464 1569 559
222 1020 2027 1617 1257 796
223 1464 1596 1992 1478 580
224 636 2313 1534 1265 784
225 779 2035 1248 652 587
226 601 2012 1521 1052 408
227 998 2241 1289 1163 782
228 1790 3060 2061 1059 1010
229 802 2430 4979 1878 4401
230 1233 2657 1940 1696 809
231 1014 2409 2142 2083 990
232 1264 2237 1134 5771 1236
233 1121 3334 1540 1632 707
234 1217 2442 1230 3098 1355
235 1240 2977 1351 2854 1518
236 968 1885 1729 4474 1307
237 1183 2619 1356 4158 1196
238 1053 2572 1547 5484 1196
239 866 2134 2057 3665 1126
240 1326 2140 1079 2314 1169
241 1308 2071 1464 1640 1286
242 682 1618 1785 2146 725
243 1318 2169 1405 966 451
244 1052 2346 1398 1322 672
245 763 1913 1184 2063 828
246 1354 3097 1679 6707 1616
247 798 2134 1511 8383 2525
248 1265 2168 855 13732 3235
249 1250 2233 1354 12578 2414
250 1534 2812 1796 8390 1664
251 1402 2149 1315 13283 4219
252 1385 1751 1537 11620 2992
253 1249 2139 850 3146 1216
254 757 1774 806 2116 834
255 1033 1877 896 2790 785
256 1334 2141 1047 2828 1225
257 1289 2460 1257 2480 1051
258 816 1369 1031 2190 1054
259 1401 2004 1045 1466 752
260 647 2068 1066 1516 1176
261 1620 2940 1090 1752 779
262 1186 2459 1568 780 1956
263 1010 2194 1276 2696 1296
264 1298 1669 1807 2220 1154
265 751 2086 692 1590 812
266 1409 4178 1390 1432 3403
267 948 2254 1576 6415 2803
268 1218 2305 1343 903 617
269 1198 2720 1115 2130 1356
270 826 2839 1163 946 314
271 958 3198 746 1021 1166
272 731 1558 1389 1104 563
273 963 2307 1501 1540 826
274 1250 1724 1226 1572 713
275 731 2083 1651 1769 541
276 724 2030 1082 2721 847
277 1261 2793 1766 2444 1212
278 1289 2817 1710 1851 1102
279 975 2308 1292 1406 1042
280 1884 2705 1718 2733 1193
281 1197 1911 1764 2438 1107
282 730 2669 1444 962 367
283 1226 2493 1704 910 492
284 1214 1745 1605 1103 463
285 1001 2116 1692 3476 833
286 900 1899 1180 1702 1144
287 1114 1866 1074 4809 1551
288 1501 1985 1290 1962 1202
289 594 1669 1149 2946 2231
290 941 1993 1156 845 593
291 1186 1730 1210 1379 749
292 1349 2534 1764 1415 990
293 1057 2130 976 1345 740
294 1219 1883 1383 1190 574
295 1200 921 1701 1406 416
296 448 1529 1540 1271 893
297 632 2074 1759 1467 1064
298 1135 2235 1643 1661 939
299 874 1832 1243 1275 725
300 1141 1728 967 1879 1436
301 1100 2137 3158 1105 1864
302 1061 2954 1882 1611 1186
303 1143 2771 1702 1757 1251
304 701 3634 1004 1232 832
305 923 1691 1554 764 1362
306 913 2193 1876 1128 1202
307 895 2159 1284 1344 952
308 1662 1631 2316 1838 689
309 889 1697 1525 1163 531
310 1043 1944 1408 539 370
311 1257 2294 1679 1074 602
312 603 2080 1262 1349 370
313 876 2423 1824 963 756
314 1312 3200 1188 1876 1121
315 1171 1631 1570 1033 1019
316 1074 2042 1960 1334 643
317 723 1938 1297 1420 851
318 498 2171 1182 663 679
319 494 1898 1336 1685 845
320 1484 2324 1833 1572 762
321 935 2324 1412 1184 416
322 848 1554 909 700 244
323 1422 2450 1637 1328 931
324 1124 2284 1692 1520 1266
325 1100 2518 1860 1015 517
326 1018 2010 1154 1361 1032
327 566 2116 1881 1849 632
328 614 2726 1371 730 613
329 1152 1806 850 508 506
330 764 1988 1014 1127 642
331 776 1630 1883 1002 607
332 715 2629 1515 1134 655
333 971 1783 1561 1020 217
334 841 1610 2053 1774 982
335 1133 2220 1444 856 257
336 1050 2800 1713 1732 513
337 846 2284 1972 1688 701
338 866 1267 2332 2158 774
339 922 2237 2027 1496 1316
340 1166 2555 1341 998 530
341 1104 2991 1420 1290 604
342 1053 2186 1343 1372 483
343 688 1745 1688 1293 414
344 702 1528 1564 1646 419
345 978 2102 1743 572 582
346 1588 3241 1114 616 352
347 921 2074 2312 1486 980
348 409 1822 1641 861 226
349 892 2680 1559 1574 333
350 1027 1204 1643 641 352
351 738 3325 2368 1659 566
352 825 1824 1450 1663 1166
353 962 2134 1228 1472 508
354 700 2532 1616 809 561
355 1995 3353 1467 1574 437
356 486 3698 702 1226 887
357 1108 2880 1019 765 293
358 728 2379 2116 1099 859
359 1573 3474 1509 1414 423
360 1475 1779 1564 1782 956
361 1282 4697 1639 1521 342
362 768 3515 2418 1432 1049
363 2052 1569 2289 1107 307
364 1945 1918 2110 1110 445
365 791 3205 1876 1176 529
366 1331 2949 1945 1532 1005
367 1034 2271 1815 1383 1274
368 1101 2135 964 2085 1060
369 1529 3761 1504 1062 1214
370 1128 2866 1356 1862 1519
371 859 2717 1982 2497 2972
372 1315 2587 1189 1135 1320
373 1366 2266 1422 1945 4703
374 884 2221 1774 1375 1372
375 1253 3064 781 916 1804
376 1297 3303 1792 1758 1004
377 1582 3752 1858 1306 1733
378 1167 2816 1886 1473 883
379 1445 3395 1263 1109 860
380 1872 4074 1509 1572 1188
381 1746 4800 1185 1704 2893
382 1432 4349 1511 1001 721
383 1306 3439 1931 1647 765
384 2055 3137 2786 1191 825
385 1703 2306 872 690 667
386 987 2869 1922 866 390
387 1115 3165 1625 1246 241
388 840 2554 1473 1782 3132
389 1769 2792 1690 1720 1444
390 2680 5512 1614 2035 1655
391 2294 2975 1813 1776 1322
392 2463 4116 1353 701 353
393 2507 3566 1322 967 680
394 2028 3713 1694 1749 686
395 1036 2000 1901 2196 1766
396 1646 3799 2810 1046 1113
397 2570 2194 1854 982 979
398 1729 2237 1279 889 522
399 2059 3914 2543 2070 1746
400 1487 2691 1846 1582 1439
401 2797 2746 1396 1685 1481
402 701 2717 1611 2043 823
403 2240 2005 2022 2745 1924
404 1952 3200 1604 3255 1248
405 1237 3408 1435 3261 1713
406 679 3322 2212 2329 1040
407 1383 2701 1370 827 576
408 1110 1930 561 1046 1317
409 2187 2457 1752 2372 3070
410 1698 2614 1295 1211 1948
411 937 2997 833 797 578
412 1047 2253 1126 1249 848
413 1145 1540 653 1230 806
414 1279 3260 1689 1499 927
415 1263 2772 1948 2050 2153
416 1080 1662 934 1575 873
417 284 2099 1268 683 404
418 490 1459 1382 1053 508
419 1639 2367 782 1020 1370
420 1771 2623 1246 1333 707
421 345 1833 1088 933 358
422 1549 3011 1762 1738 1309
423 788 1157 1169 1867 471
424 1467 1938 1825 1391 1105
425 1121 2217 2581 1120 829
426 1471 1516 732 384 502
427 1723 2876 1925 1886 1434
428 762 1364 1884 2153 1065
429 625 2324 342 2554 2440
430 397 1149 707 1265 562
431 870 1611 706 1721 625
432 538 1940 1237 2052 764
433 849 825 278 1163 576
434 1622 2212 1874 1769 457
435 783 1783 643 834 458
436 683 2249 1049 987 622
437 1150 1136 662 835 3608
438 602 1062 561 1082 3115
439 1407 1954 853 1086 6528
440 739 1418 1575 1232 2288
441 537 1137 1497 1432 2623
442 839 1141 1785 1266 10827
443 892 1662 2009 1090 30695
444 573 1630 1261 1398 30153
445 370 1064 1458 619 18452
446 814 1202 992 437 4893
447 1381 1757 762 907 757
448 391 750 1528 832 532
449 1043 2206 1319 1386 684
450 714 1501 1243 584 205
451 385 1594 659 870 496
452 607 1071 958 704 355
453 568 634 511 582 339
454 1047 1245 11969 1665 4201
455 896 1901 1195 1386 348
456 910 1401 386 528 360
457 492 1754 832 624 478
458 817 1596 868 655 325
459 275 945 1069 1004 440
460 877 1259 1051 1763 486
461 507 1562 352 629 391
462 529 1861 822 848 482
463 755 1759 678 347 99
464 758 1141 845 1564 294
465 413 1188 812 843 275
466 428 498 455 395 425
467 640 737 432 227 133
468 438 1009 1287 1035 773
469 434 1027 1368 510 490
470 708 1289 328 405 286
471 221 658 1676 1105 745
472 953 891 576 638 368
473 984 1101 1372 1789 1533
474 760 823 2337 1229 1495
475 617 750 1670 268 2706
476 1252 1479 1232 1156 3482
477 788 1265 1386 1294 5973
478 705 1582 1079 1614 5268
479 896 1820 1259 2559 1367
480 462 1510 1948 918 968
481 901 13687 1345 1389 1984
482 807 1082 792 463 995
483 529 595 895 1266 1258
484 940 1750 1015 1033 1087
485 778 1008 537 595 727
486 466 787 894 880 902
487 412 1855 494 932 468
488 718 1816 1085 1933 2742
489 472 1112 688 376 1401
490 239 1297 601 508 2368
491 380 1065 374 522 1021
492 963 1845 784 2115 5976
493 1195 1993 3277 823 1579
494 511 2666 1226 650 5009
495 665 1338 887 2362 1686
496 746 1685 1356 2034 9685
497 775 1736 2718 2316 3189
498 653 2228 1697 1358 2239
499 477 560 1333 2439 1233
500 164 1201 1382 2621 1584
501 1297 1829 1344 1936 1830
502 934 1833 1862 2222 547
503 882 1134 2213 1431 499
504 782 1566 887 926 714
505 1145 2169 1397 1787 808
506 685 671 1491 895 3136
507 573 365 501 311 1575
508 639 1573 1352 1820 357
509 689 1556 778 244 1338
510 339 1236 1722 926 1807
511 577 1371 1444 1749 743
512 699 1556 1334 1236 1411
513 1282 1344 1076 990 1498
514 268 1143 1067 1578 1054
515 807 1409 586 2455 2090
516 711 935 1495 1491 1512
517 522 1170 1178 3312 2196
518 1279 1852 1316 1027 1342
519 538 2112 1298 1711 1728
520 691 1005 2064 2763 898
521 599 937 460 1935 1281
522 403 1258 1255 1720 1711
523 699 826 463 402 255
524 715 1513 971 1416 865
525 307 1546 407 580 396
526 885 1997 1423 1606 1296
527 785 1127 736 312 685
528 532 1099 1097 200 261
529 812 2012 1323 765 861
530 934 2053 862 626 1772
531 255 1033 736 1186 1142
532 508 1450 1441 748 260
533 1036 4117 1342 371 1185
534 932 6495 2803 1964 3197
535 683 3089 1779 1022 4965
536 561 578 2371 1201 6675
537 768 1553 2877 1745 28303
538 610 1595 1076 656 1345
539 617 1555 978 156 1426
540 625 2678 1224 882 1306
541 429 1228 1511 727 2643
542 525 1257 1014 2242 2462
543 376 2402 1461 1574 1914
544 468 1986 2131 1506 3643
545 890 3613 1110 233 10068
546 604 2429 854 235 25775
547 1479 6511 843 288 6434
548 1001 4730 1817 1001 33829
549 518 1571 407 405 10838
550 479 2626 688 922 807
551 857 3464 823 1436 802
552 700 3161 1520 1536 2078
553 454 1583 859 1068 1074
554 744 2725 1298 1303 717
555 240 1287 806 1830 1223
556 882 3723 1224 722 301
557 675 3497 908 1045 1181
558 1702 2210 1285 1156 1155
559 929 3176 698 425 289
560 590 988 1659 684 611
561 402 2049 1702 2236 661
562 550 1594 1391 1246 355
563 756 1590 2239 1108 1260
564 734 2524 1670 919 1033
565 544 4567 1433 1151 1294
566 360 4046 553 720 1333
567 525 2583 436 681 341
568 549 2921 1561 1046 1239
569 454 2349 1247 735 739
570 756 1998 1242 952 517
571 744 2640 654 691 696
572 750 4228 1274 316 489
573 851 4273 938 620 761
574 462 1701 656 1136 1063
575 1067 1419 568 335 1037
576 346 1321 539 807 476
577 544 2730 878 430 672
578 1127 2198 1019 704 3222
579 594 1082 707 458 2470
580 750 2795 1731 613 1727
581 509 1738 824 1446 7292
582 540 1521 1237 1419 2908
583 871 1946 1247 455 117
584 350 1895 1201 517 605
585 710 2160 980 1173 1712
586 854 1771 591 471 676
587 1215 3293 1510 860 1894
588 732 1392 1829 1124 1227
589 1237 3549 1242 2159 1544
590 847 2105 618 1425 554
591 708 2540 916 1088 678
592 931 2555 1649 1805 476
593 448 1779 1138 990 472
594 787 1546 1096 1214 271
595 552 2818 1295 475 721
596 462 855 1574 965 754
597 651 3000 918 1037 767
598 1071 966 982 1505 561
599 1521 2860 1587 1273 1492
600 567 1928 1302 1009 1179
601 551 1279 1244 682 618
602 688 1852 1318 906 1575
603 283 2449 2428 1599 1033
604 633 1455 1775 1123 802
605 288 2258 1143 1786 1244
606 951 2741 2829 1381 1776
607 943 2915 1233 1477 1888
608 86 2532 1200 1746 872
609 682 2932 2194 324 35558
610 1316 2436 1691 1466 6310
611 225 2836 1563 668 11937
612 585 1314 830 1555 8171
613 1177 1583 2467 1386 2170
614 287 848 2016 1051 10109
615 652 1845 2259 2283 12648
616 899 3416 3507 1308 21216
617 129 2505 3468 2141 44946
618 1158 2503 1837 398 3263
619 171 1801 869 531 3548
620 550 1644 1726 1571 20815
621 246 1300 1774 1321 16574
622 729 1980 1352 3466 4135
623 171 1861 2847 6557 12390
624 821 1215 1885 6508 1953
625 598 1578 2927 828 20381
626 881 988 769 2234 384
627 401 1046 1632 2791 634
628 735 1883 1766 865 473
629 190 587 1924 993 4815
630 409 1186 1360 1096 242
631 237 341 1173 1626 920
632 516 899 1005 94 1155
633 55 1299 1244 1387 727
634 280 1506 1836 2286 493
635 534 1504 1824 1545 422
636 430 1791 1520 1049 148
637 578 1906 1091 2649 1296
638 530 1331 2327 1654 1042
639 231 779 961 1278 1815
640 1204 1507 1567 742 100
641 730 945 890 1925 902
642 390 915 653 1237 4818
643 717 1501 1158 419 349
644 300 2374 2144 1559 1106
645 165 193 1717 352 258
646 1120 1731 1380 2146 846
647 228 1357 2839 1933 1085
648 452 1142 2096 1925 213
649 330 1691 1680 610 186
650 360 1487 532 1165 247
651 534 1077 1545 1377 443
652 1331 1393 1231 4894 409
653 55 331 604 9082 780
654 808 2015 4715 1598 580
655 906 813 1159 2945 658
656 715 629 1043 3866 382
657 127 1080 2213 5165 653
658 1030 875 538 1987 1104
659 338 1435 593 174 234
660 549 660 815 2132 689
661 347 899 847 966 96
662 185 1711 417 1687 337
663 727 4294 690 397 116
664 860 3869 669 1309 384
665 593 1135 743 980 162
666 369 476 1436 1034 293
667 1313 1176 849 432 52
668 345 1314 782 701 469
669 756 1283 1053 745 236
670 56 1029 792 1144 404
671 758 1016 514 1437 155
672 86 335 336 1270 100
673 698 263 287 449 116
674 844 758 689 384 63
675 682 326 862 170 33
676 414 1118 576 218 9
677 388 1629 498 867 233
678 473 399 596 392 91
679 322 367 1190 943 180
680 321 1000 448 441 218
681 26 213 663 104 188
682 866 621 598 1188 865
683 713 569 732 907 949
684 42 176 537 204 45
685 86 103 223 48 705
686 496 406 473 267 263
687 450 483 632 1078 914
688 568 1006 1508 243 823
689 549 1763 672 1150 1669
690 11 3086 408 549 403
691 67 62 72 663 94
692 236 5310 509 161 1581
693 471 1607 838 221 71
694 344 1173 600 731 158
695 467 1276 1079 644 1260
696 521 379 170 50 37
697 757 957 391 243 496
698 77 404 579 76 4
699 485 532 424 72 23
700 822 1039 489 174 81
701 480 510 411 216 1364
702 1109 391 263 52 784
703 353 411 219 446 137
704 180 708 482 377 1145
705 49 358 569 867 117
706 156 172 167 886 1401
707 50 305 389 1388 788
708 878 1410 492 90 1386
709 233 592 392 92 736
710 187 875 645 368 527
711 102 439 981 801 911
712 176 437 283 233 394
713 46 615 1116 169 114
714 134 405 1247 678 140
715 305 1119 221 329 727
716 193 367 533 1536 271
717 132 382 1334 1111 256
718 722 871 488 187 819
719 7 105 1307 247 129
720 252 621 1215 55 253
721 290 242 1607 420 1558
722 115 397 2660 719 289
723 455 474 421 203 50
724 88 114 471 301 892
725 247 826 1286 442 83
726 116 2529 1059 447 780
727 202 497 714 331 242
728 230 1013 673 186 2096
729 877 4883 1465 312 1031
730 108 2407 383 460 1471
731 325 4556 745 289 6518
732 150 417 437 358 1812
733 139 1118 441 187 985
734 157 645 380 156 1060
735 113 492 66 243 572
736 181 716 181 137 214
737 106 624 478 86 905
738 66 1112 100 224 1253
739 0 1441 517 418 672
740 140 1025 375 718 1596
741 30 2000 66 284 1046
742 88 792 379 127 621
743 78 500 292 218 1648
744 83 446 166 128 646
745 44 457 147 334 1246
746 24 371 87 129 1581
747 7 23 75 228 2086
748 108 1308 233 520 1183
749 205 1350 169 686 2313
750 152 485 104 149 514
751 132 169 15 189 1020
752 173 720 10 311 1699
753 58 208 68 364 789
754 8 247 16 67 744
755 4 11 86 121 303
756 67 190 50 753 1829
757 124 78 187 76 277
758 0 97 106 304 1008
759 162 189 584 1366 946
760 16 322 78 125 336
761 4 124 315 513 1215
762 115 460 797 340 849
763 34 297 517 811 1514
764 85 156 163 529 1598
765 16 174 288 379 595
766 15 263 657 669 1883
767 4 258 68 308 989
768 20 378 315 364 760
769 17 554 1164 1191 1992
770 28 183 866 779 1627
771 18 157 235 445 280
772 29 113 142 660 5333
773 86 183 102 344 1352
774 10 278 138 282 524
775 23 116 175 884 3100
776 109 302 164 54 318
777 25 295 83 556 1912
778 0 270 208 426 1385
779 0 104 49 300 974
780 362 684 478 697 1131
781 0 340 281 97 907
782 0 125 103 2750 5112
783 0 340 394 6520 10501
784 15 159 309 5603 15097
785 26 156 434 1297 3988
786 0 427 421 509 1908
787 1 267 468 1312 4425
788 0 357 482 863 2044
789 0 30 172 518 1661
790 1 340 35 1402 18541
791 0 125 225 812 6382
792 0 331 271 995 3415
793 5 431 527 359 8740
794 1 927 851 307 1892
795 4 115 571 320 1511
796 3 732 376 261 3023
797 2 671 225 674 1412
798 2 321 66 602 181
799 5 533 33 26 660
800 1 216 314 194 1580
801 33 978 419 642 697
802 0 436 177 686 824
803 1 46 81 528 269
804 2 1046 70 49 916
805 0 25 29 1 696
806 0 464 328 654 768
807 1 406 401 574 1025
808 388 377 493 147 901
809 0 1122 43 15 50
810 2 1143 191 68 402
811 0 440 177 144 753
812 0 245 593 418 1889
813 0 863 294 168 529
814 0 160 875 274 864
815 2 467 629 2294 754
816 394 210 2240 299 526
817 0 25 733 1560 908
818 0 504 814 1284 1078
819 0 865 627 205 1102
820 0 566 1332 77 369
821 5 717 372 1528 873
822 1 420 221 43 351
823 0 537 192 189 3168
824 1 990 1093 574 1146
825 0 92 569 457 633
826 0 1274 647 526 522
827 0 743 580 734 716
828 0 546 25 47 2880
829 0 1360 309 168 2998
830 1 834 664 238 2863
831 1 5176 1857 391 4674
832 5 13340 444 471 7599
833 5 23741 48 238 11334
834 0 38040 334 512 8589
835 0 9766 323 255 4246
836 1 15793 1719 691 7813
837 18 2071 310 427 9338
838 1 6782 448 225 1380
839 59 812 436 328 2278
840 0 798 700 639 5421
841 0 2207 127 1058 12030
842 3 1325 17 11825 217856
843 4 5876 366 619 3747
844 0 5686 130 1450 10625
845 0 8413 501 1806 10673
846 0 5949 249 942 7765
847 0 3799 579 850 6039
848 0 1700 1580 372 1743
849 420 2771 48 9632 129974
850 40 4343 1767 22392 9056
851 415 5959 1930 1615 8769
852 422 1165 504 2042 19802
853 0 3130 2202 1563 8858
854 17 231 644 1209 13075
855 0 7651 269 2838 31586
856 22 3762 580 1856 20875
857 1 934 1 427 4968
858 10 3021 80 2548 27979
859 0 3857 1074 2196 23465
860 22 1129 1325 1890 23852
861 48 8062 62 1668 19860
862 22 9629 483 1172 10507
863 13 6518 145 1407 16798
864 12 3270 175 3525 44987
865 20 886 129 583 13928
866 156 2902 60 1385 15209
867 39 14095 53 2663 29323
868 85 3051 191 1766 18085
869 26 2126 264 1824 23975
870 14 4966 649 2462 26691
871 31 6493 1832 1261 6103
872 11 2617 265 860 8677
873 37 9456 509 1141 10970
874 884 18869 368 2947 23093
875 7 8973 54 2899 31501
876 11 1961 617 3882 51618
877 7 2345 45 5857 72979
878 0 3394 812 2323 26996
879 4 4148 1062 1196 7735
880 20 19397 238 4339 43272
881 12 1663 100 160 1112
882 50 1631 73 51 891
883 0 4003 318 393 4721
884 2 243 90 134 767
885 609 496 481 228 594
886 2 72 43 45 1054
887 3 311 198 163 9204
888 0 83 41 41 225
889 1418 275 186 77 54
890 252 952 150 149 1386
891 346 881 173 537 508
892 255 693 356 48 83
893 2 101 947 28 35
894 446 611 2037 985 1066
895 612 1200 552 108 218
896 561 304 334 440 1393
897 7 1065 501 487 750
898 7 759 224 194 451
899 3 77 94 250 1242
900 2 143 87 517 2637
901 31 246 776 331 1363
902 14 234 456 300 495
903 31 135 370 304 414
904 11 895 166 483 2235
905 15 3760 898 460 4200
906 8 2129 316 149 1128
907 42 1175 1083 597 1278
908 1231 1443 1449 436 1075
909 20 630 411 220 270
910 13 84 515 128 52
911 17 140 34 305 821
912 80 663 397 211 319
913 10 690 645 699 1919
914 73 723 726 380 3266
915 18 185 362 446 1348
916 610 393 539 81 45
917 29 989 1126 552 350
918 15 826 423 171 324
919 82 105 874 142 55
920 17 86 743 116 2777
921 68 188 767 69 1174
922 25 383 995 293 2769
923 1698 2089 1255 648 3255
924 33 464 263 700 3468
925 10 160 449 570 2960
926 13 504 732 758 4721
927 15 820 429 362 2746
928 96 2303 467 444 2449
929 114 1882 312 24 1358
930 71 1594 305 389 4213
931 32 1726 221 475 4270
932 820 1105 404 218 2635
933 59 186 1043 161 676
934 33 2614 1490 1817 7447
935 65 1352 353 95 912
936 59 372 1458 452 1226
937 892 525 1068 402 1087
938 709 2030 1338 517 2515
939 900 1021 1629 245 2247
940 1335 832 509 716 1430
941 52 791 420 244 1827
942 26 661 468 566 1564
943 63 2596 2062 1626 7339
944 34 1120 771 689 2180
945 31 2307 654 374 4424
946 23 1013 385 420 1963
947 89 2959 637 412 3045
948 33 488 462 240 1841
949 61 2926 1101 804 4371
950 63 616 592 282 904
951 45 462 481 2692 2907
952 21 1141 843 9496 7240
953 11 2499 590 4627 11428
954 21 1403 302 397 3384
955 73 2625 1004 507 2500
956 8 201 1689 710 1781
957 973 1343 600 739 1603
958 28 2786 303 197 2872
959 6 458 370 223 962
960 1 167 129 821 2512
961 0 182 695 346 388
962 5 859 598 983 4201
963 0 808 1958 374 3406
964 5 139 939 1355 2032
965 1 268 1063 10583 42257
966 0 2187 2096 1678 15347
967 0 1087 493 293 355
968 797 132 1065 4455 1348
969 1297 1335 386 522 143
970 656 840 529 6585 2530
971 53 216 255 37131 41067
972 1587 337 181 276 719
973 701 841 454 726 1966
974 647 689 1101 523 3512
975 649 903 157 324 4106
976 4 883 2450 944 6495
977 654 950 1096 1007 4952
978 0 2331 747 749 10104
979 5 580 165 129 2315
980 11 1531 2556 1557 12035
981 0 2191 5500 2209 10298
982 419 1864 581 1190 2722
983 3 145 402 62 1007
984 1 896 475 20265 7714
985 662 638 353 41943 30303
986 0 161 290 3132 1825
987 927 236 346 868 4295
988 0 477 348 5469 6555
989 0 228 560 1001 2522
990 25 1848 568 14855 22272
991 675 3459 849 19242 33060
992 674 1533 747 60394 97182
993 651 449 1477 46096 46546
994 918 1187 1221 24425 20935
995 24 1545 772 133634 145713
996 0 1323 1339 38413 38780
997 3 1007 2400 49588 32702
998 55 742 977 90121 64742
999 0 1619 1695 4526624 4974151
