1 5924 27870 31007 73211 20512
2 6745 30815 31856 55746 18386
3 7514 31393 29111 38441 14039
4 7958 32196 28683 29673 10226
5 8006 31987 27895 22248 9409
6 7384 31693 26447 21071 9675
7 7183 31121 26909 16971 7710
8 7166 31321 28008 16754 8503
9 6814 31657 27792 15948 9184
10 7305 32895 29871 16710 11309
11 7738 34435 32466 16981 12429
12 7515 32112 29404 14917 10756
13 7776 32125 26753 13403 9032
14 8020 31415 26308 13498 9575
15 7400 31273 28083 14466 10878
16 8066 31197 28624 14117 11500
17 7843 30143 27724 13945 10343
18 7575 29042 27419 13142 10248
19 7228 27700 26331 12208 9012
20 6802 27413 26097 11893 8615
21 7532 25209 22902 11363 6578
22 7051 24995 21901 10238 6677
23 6626 25505 20966 10710 6205
24 6521 26101 21472 10629 7925
25 7078 27514 23584 11561 7413
26 7203 28144 24177 12410 8094
27 6842 29259 28467 11633 8876
28 7225 26922 26778 12950 7997
29 7043 26777 26211 13214 9144
30 7368 28922 25597 13073 8980
31 6273 28888 28924 15110 11604
32 6847 27827 32581 15801 12496
33 7154 29331 34340 12267 12476
34 6852 26880 26387 13210 10787
35 6685 25954 24984 11133 9224
36 6654 25277 23276 10838 7143
37 6954 28429 23869 11298 7890
38 7877 26416 25764 12196 8649
39 7635 28529 27719 13102 9985
40 6478 25339 25668 11842 7513
41 7065 25527 23999 11966 10040
42 7252 23450 21378 10678 7466
43 7169 23207 22176 11515 8904
44 7215 24451 22598 9065 8435
45 6182 21882 20592 10428 8641
46 6740 21954 17057 10509 7404
47 6465 22211 18360 10635 7753
48 6511 22485 19525 10414 8409
49 6403 23128 23074 10135 7477
50 5775 23147 20411 8383 5984
51 6220 24007 22693 9108 6771
52 5828 21789 19205 8615 7275
53 6005 22569 20751 9125 7800
54 6694 21957 18159 7825 5953
55 7079 22484 13713 7516 7838
56 7857 22382 13370 8627 7740
57 6916 23535 14852 7957 6248
58 6683 19091 13120 6581 5391
59 5883 19958 12562 8752 5119
60 6653 20802 11884 7117 5204
61 5958 18895 11778 7895 5555
62 6184 16578 10395 6037 9662
63 5836 19379 11350 6257 3798
64 6204 18820 12922 6719 3591
65 5284 19103 12814 6607 4097
66 5633 19425 15445 6360 3363
67 5972 17512 14651 7721 4327
68 5491 18267 13981 7155 3726
69 5645 18977 13509 6353 3678
70 6350 20288 16243 6606 3923
71 6319 20935 17871 5714 5393
72 6349 20341 17362 6845 5551
73 8293 18173 16660 5915 4030
74 6376 16901 18212 7729 4136
75 5392 19498 14806 5977 3902
76 5207 17975 13130 5177 3123
77 5444 16174 13336 5605 3254
78 5507 19985 11454 5171 3435
79 6472 19470 13879 5928 4100
80 6858 18221 12434 5693 3674
81 7233 18211 11607 5847 3110
82 8318 18038 11297 4781 2994
83 7886 17463 12718 4349 3898
84 7726 16298 11542 6433 4621
85 7928 18589 15335 9155 4668
86 7026 17953 11023 6272 3392
87 7003 17654 13339 5552 3171
88 8237 20862 11939 5716 3142
89 7658 16509 11329 4623 3580
90 7798 17387 12262 5808 3185
91 6894 15756 9882 6008 3411
92 8201 14833 9356 4661 2049
93 7494 15003 10052 6923 3215
94 7018 15085 10993 6728 2946
95 6791 13131 9216 5297 2805
96 6562 14530 7784 4832 3060
97 5011 12397 6740 3910 2012
98 5752 13003 8012 3976 1891
99 6441 13350 7385 5753 3305
100 6715 13595 7360 5252 1978
101 7166 13612 7597 4602 2373
102 7544 13495 5852 4514 2153
103 8312 14581 6159 3122 1919
104 6666 14687 8339 5105 2331
105 7075 15909 7484 4530 3432
106 6449 14546 9130 2402 2453
107 6919 17212 8605 4016 2517
108 6826 15884 8393 3248 1721
109 6421 17710 9428 3582 1990
110 5983 15634 9511 3988 1844
111 5581 13417 9711 3825 1432
112 5363 15056 8318 3911 1960
113 5001 15120 7555 4421 1690
114 5171 15255 6532 2991 1059
115 5446 14753 5998 3346 2082
116 5161 13655 7386 4299 1747
117 4756 13184 4376 4681 2019
118 4561 12942 6128 9613 3336
119 4573 13689 5654 9502 2996
120 5834 14335 5771 3126 1414
121 6905 14534 6258 2983 1748
122 5587 12268 5362 3580 3581
123 5919 13626 5787 4115 1672
124 5790 14201 6329 5252 3024
125 5688 14590 6449 4158 2115
126 6543 16348 6699 4906 1918
127 7369 17077 5722 5180 1228
128 6804 16274 5937 4546 1639
129 7167 17531 8005 5548 1481
130 7341 16479 6432 4998 1150
131 6411 14916 9221 4778 1616
132 6240 14453 8035 4444 2336
133 5889 12082 6028 4144 851
134 5111 14998 5367 5112 1036
135 5241 13018 5506 5377 1503
136 5919 16025 5920 5059 1485
137 5830 14644 6060 5390 1504
138 7376 14041 8275 5087 1377
139 6461 14557 7469 5521 1159
140 6422 18368 9747 4231 2532
141 5491 15103 6575 5134 1960
142 6767 17727 10490 5162 1460
143 6226 16262 8235 5927 1388
144 5576 16008 7614 4961 977
145 6362 15185 10059 7498 1206
146 8255 16808 9028 4094 1381
147 7554 16904 9248 5179 1099
148 7070 16135 11426 5765 1932
149 7029 15842 9662 5760 1490
150 8153 20474 11713 6979 2181
151 7409 23009 18318 8926 2738
152 8373 24206 16434 6167 1972
153 9435 19913 14051 7940 2364
154 7604 19203 11170 5913 1540
155 8044 19377 14129 6935 2355
156 7389 15174 11045 6596 2696
157 8580 20364 15123 8220 5332
158 7180 16462 15957 8240 3669
159 6448 17479 17309 7820 9297
160 7675 23582 14574 5117 6492
161 9076 22992 10157 4847 7990
162 8790 24278 12706 5501 7369
163 9487 22029 16271 5791 3961
164 8876 23563 15715 7147 5215
165 11054 24832 9615 5792 1837
166 12146 22882 10723 5981 2384
167 12108 23625 9713 4161 1829
168 13279 23336 10939 4228 970
169 15110 24461 9459 6093 1999
170 15652 23320 10388 4806 2614
171 10937 18301 10247 5335 1692
172 9231 18341 10691 3948 1649
173 11047 22393 12642 3428 1871
174 9356 21247 11086 3201 1568
175 10757 22044 9756 3974 1769
176 8030 14643 10960 4452 2219
177 9774 20229 11257 5010 2405
178 9876 21716 12339 5486 3805
179 10798 24167 11430 3424 2270
180 9056 24251 12665 4665 2643
181 13781 24288 12603 3510 2652
182 10744 21532 10421 5084 2087
183 11827 22621 10131 3607 1407
184 11080 25022 13666 5373 2451
185 9930 23803 12264 4467 1336
186 12722 21822 11449 22845 18954
187 12270 20889 11415 4987 2051
188 11867 19019 12497 5187 2378
189 10581 18016 12709 5031 2047
190 10537 18993 11228 4731 2391
191 13260 21288 10793 3295 1788
192 10517 20919 10534 3066 1428
193 10882 21888 12083 4341 1565
194 10002 20286 9151 3457 1530
195 8774 16258 11339 3657 1702
196 11286 19141 10043 3635 2543
197 10452 19993 10025 2883 1760
198 9030 17670 10688 3042 1546
199 11441 18936 15519 3884 2756
200 12542 18949 12685 3761 1863
201 10181 19724 9942 4201 2584
202 9456 19953 10015 3930 1894
203 9888 17837 9678 2530 2291
204 10467 14952 9942 3128 1495
205 13370 17634 9216 3401 1684
206 10372 18185 8533 3321 1613
207 11321 21606 9209 3947 1941
208 12446 23459 10929 5208 3702
209 11995 20303 9567 4246 3840
210 13315 24753 12067 4278 2707
211 14206 22368 10933 3281 1751
212 15594 20190 10621 4402 1981
213 13819 18798 8650 2953 1362
214 11805 17757 7951 3090 1127
215 12225 19771 11739 4287 1643
216 12116 19416 9313 3038 1693
217 14185 20705 10254 3940 2128
218 14279 21469 10229 4550 1793
219 11955 20460 10802 4432 1626
220 12562 20508 11657 4832 1921
221 13799 16526 9765 3794 1642
222 14619 21166 8176 3214 1221
223 14825 16342 10352 3121 1744
224 12737 19528 11406 4614 2339
225 12579 18857 10197 2382 1885
226 12875 20567 9300 3419 2203
227 15586 18459 10621 2944 1422
228 13792 23556 12125 3336 2139
229 13458 28097 30364 4955 5108
230 17112 34286 15595 6034 1953
231 19263 38957 18228 7189 2064
232 18519 31447 13469 11990 3223
233 17757 35242 15451 4504 1606
234 19815 29557 11401 6281 2912
235 15319 27671 9760 6204 4261
236 13049 20418 9456 10132 2877
237 14560 21608 8709 8616 3150
238 11348 20486 8141 13296 4087
239 10739 19619 9741 10666 3010
240 11198 21975 8745 4680 4762
241 11188 23325 9299 3641 5567
242 10419 21256 9053 3687 1807
243 10393 23584 10716 2273 1148
244 11115 20031 10242 3001 1239
245 10988 20372 10966 4581 2583
246 14943 26213 13316 17287 4747
247 9553 20782 8577 17670 4427
248 10739 23339 6657 41189 7356
249 16272 27457 9764 30039 5610
250 13692 24006 11414 19865 4773
251 11177 33438 9349 33238 7927
252 12530 19058 8305 38336 6695
253 9814 14097 5834 7997 1726
254 10517 14532 8031 4142 1894
255 11063 15411 8212 4569 1800
256 9201 17633 7637 9573 2548
257 9690 19658 8319 5947 1618
258 10069 17607 6796 4676 1874
259 11656 19984 8815 4306 2118
260 8984 22849 15266 3728 2473
261 11784 26011 9999 3816 2156
262 10545 24725 13307 3081 3886
263 11822 27739 12223 5153 4605
264 10373 38413 17029 5857 3040
265 7225 29012 16898 4640 3440
266 11417 42664 16598 4949 13748
267 9596 51926 17143 11471 4649
268 8357 30960 15213 3944 1558
269 10023 24444 7875 3859 2488
270 8731 20029 9837 3268 2415
271 10150 23213 14820 3672 3158
272 9992 19192 11219 3143 2150
273 13154 23925 9943 3292 2375
274 13197 28914 11289 4317 2563
275 11449 28686 10636 4649 1780
276 13505 27193 10669 4515 2354
277 12225 26971 11733 4750 2214
278 11142 25478 15850 4860 1884
279 14356 23344 12673 4953 1590
280 16262 20892 10206 5800 1720
281 11941 23654 11172 6211 1817
282 12213 22490 11826 3773 1022
283 17119 26399 14061 3803 1444
284 16826 22698 11660 3634 1698
285 15599 26557 12804 7193 3112
286 10893 26544 16455 4120 2334
287 9643 20577 8782 8526 2984
288 12311 23223 8859 4873 1998
289 10021 20485 9124 6589 2622
290 10874 19295 8881 3744 1576
291 9926 22337 12053 4513 1223
292 13810 19655 9774 5167 1234
293 11196 20214 9517 3092 1689
294 9266 18244 10533 3331 1256
295 9450 14835 7218 2517 495
296 9089 15908 7686 3102 1511
297 11632 17338 6688 2554 1586
298 10967 16437 6907 3633 1392
299 8792 13176 4520 2303 810
300 8674 13747 5839 3482 1558
301 9673 16206 10005 2514 1936
302 8430 11295 6273 3230 1274
303 9349 14496 5132 2930 1423
304 8976 14056 5921 2820 1363
305 10954 12670 5946 1946 2339
306 9859 12900 7567 3239 1625
307 8510 12968 7571 2521 1586
308 9076 14972 9011 2485 800
309 8824 15625 8024 2708 663
310 11580 17875 6894 2221 490
311 9530 18865 8864 2773 709
312 11301 19795 8165 2309 550
313 12627 23143 11932 3895 987
314 10664 22252 7545 6470 1739
315 12240 17969 7434 4654 1488
316 13190 19893 6575 3433 833
317 15604 21271 8939 5529 1913
318 15843 19106 8777 4798 2038
319 13946 19875 8290 3822 2874
320 13903 17484 11723 4528 1322
321 12731 17251 8802 3995 877
322 6950 14975 7693 2330 574
323 10149 16217 8872 4428 3293
324 8750 17652 8604 4627 2811
325 9080 18379 9646 3181 1964
326 7441 21021 9425 4166 1631
327 6862 13418 8976 3684 1395
328 6473 16306 9023 4115 1147
329 10616 18311 7612 5086 1474
330 9211 17264 9538 3680 1557
331 5325 12943 8127 3407 1643
332 9349 18908 12621 3364 1574
333 7331 18336 7541 3084 1004
334 5760 12427 11138 4503 1910
335 7844 14697 8002 3234 728
336 5199 15396 8139 3937 929
337 8134 16608 8553 3853 1270
338 7504 13706 8064 5526 1366
339 6586 13109 8392 3270 1865
340 6810 11440 4349 2196 705
341 5547 12439 5538 3100 2020
342 6393 14660 8890 6270 2091
343 6346 17053 8248 3425 1286
344 8210 15313 8160 3548 889
345 11212 16081 8376 1898 1073
346 10564 17206 5958 2561 1079
347 7523 14307 9125 4224 2297
348 7518 13552 5961 2184 365
349 9061 16935 7383 3710 1301
350 9903 18258 7459 4097 1233
351 9647 26349 8507 2604 2033
352 7785 22772 6575 3033 7003
353 6522 21244 6873 3446 1451
354 7996 20521 7517 2955 1367
355 11693 25152 6248 4042 1500
356 10431 16818 6750 3125 1680
357 8765 16396 4953 2335 752
358 8077 17364 7801 3630 2508
359 9643 22008 6813 3395 1221
360 8950 17187 8930 4854 3279
361 11783 20679 6637 2944 555
362 12035 27204 8839 4301 4455
363 13416 16395 7842 2977 2567
364 9022 11932 6966 3860 1344
365 5708 17816 6029 2516 1146
366 8618 17053 6931 3812 1284
367 10788 14517 8032 3914 2018
368 7586 12842 5470 4552 1198
369 8251 15519 7055 4518 1926
370 6509 13970 5564 5356 2271
371 6384 17658 9154 7711 4726
372 7080 15974 5008 3170 2248
373 10312 18689 7468 5008 3283
374 5117 13418 6240 2702 1695
375 9151 22075 5221 3731 2947
376 8497 23695 8127 3608 1945
377 7126 25052 10176 2815 2710
378 7458 19829 9346 2098 2093
379 8513 14763 6843 2188 1424
380 6592 13642 5779 3231 1916
381 9832 14162 7165 6934 3817
382 9440 19508 7722 3088 1116
383 9060 14275 6490 3995 1416
384 9666 12497 8768 2958 1439
385 6009 12133 5344 1539 1925
386 7329 12994 6488 4657 570
387 9835 14357 6245 3947 833
388 7658 13870 5284 4618 1550
389 8002 15589 7071 4475 1429
390 13609 16719 5848 5890 2004
391 15594 17739 6958 3012 1271
392 14343 16939 6173 4548 725
393 16947 16041 5416 4198 1414
394 16298 19313 7765 8816 1786
395 16559 16375 8117 6659 4430
396 19110 20964 8317 3886 1579
397 18969 20768 7444 2414 2015
398 17237 19160 6945 3766 1448
399 17817 23113 12325 6334 3054
400 15246 23642 13367 8161 3184
401 18684 27785 13884 4942 2474
402 13184 27162 14526 6694 1548
403 16406 29170 12851 9351 4762
404 12455 23646 13690 8467 2746
405 12075 22373 10557 8897 2798
406 11743 21072 13227 6360 2408
407 18656 16815 11111 7053 1310
408 19355 16552 6131 4381 2133
409 27217 19261 7327 7038 5824
410 28038 19005 8586 4929 3402
411 20693 23697 10504 4126 1397
412 22093 20438 9287 4923 2587
413 22310 21078 8418 4442 1572
414 18604 19664 8483 11556 3793
415 18128 19680 8738 13519 4675
416 14155 16484 4402 6488 2151
417 9421 14460 4861 2562 1639
418 14484 14375 5710 4754 1641
419 11675 16944 3774 6029 3478
420 18667 16969 6207 5168 2129
421 12133 18833 5763 3067 1041
422 13744 17483 8038 7590 5473
423 13117 15904 7941 4358 1403
424 13680 14075 9948 4282 2535
425 11657 15944 7959 2994 2246
426 7877 19158 3944 1222 601
427 15059 13857 7353 3317 3541
428 11814 12023 5135 4797 3039
429 10985 15844 2845 7155 6500
430 12179 19161 6285 6878 2367
431 21461 31541 9410 10324 3982
432 17327 33602 10078 10207 4386
433 20864 25805 8258 6556 2601
434 19116 25611 10535 8003 2703
435 15629 20126 6369 3769 1087
436 13234 19079 7779 5583 3157
437 10864 27810 6278 5080 4593
438 4526 23298 5171 3643 4096
439 12511 36681 8132 4974 7503
440 7946 19553 7038 5922 4861
441 6402 24283 8892 5694 4562
442 13550 35754 7526 4944 16902
443 13485 36850 9802 4848 88293
444 9648 28393 7133 5485 152249
445 9712 22441 6781 4014 147067
446 11096 17674 6521 4922 38283
447 9874 16592 6433 7067 2499
448 8873 13904 9225 8579 2427
449 11143 19475 10430 11908 6312
450 10613 13705 7479 8478 2475
451 7012 13318 4320 4569 1449
452 9370 14845 7798 5032 2731
453 17595 15703 7047 7820 1665
454 25539 20307 31750 5109 9911
455 24985 21112 8169 7388 3411
456 14101 13936 8885 5053 3625
457 13091 16230 7218 5972 5474
458 11889 13700 7085 4595 3951
459 8284 14695 6503 5751 2405
460 7533 9809 8017 5751 6150
461 6449 13040 6325 3817 3561
462 6031 9427 4479 6959 4520
463 7940 12036 6681 10471 2690
464 9326 11881 8422 7641 3098
465 6082 9449 7902 3610 3182
466 6657 11366 10042 5651 2632
467 6184 10382 9124 5290 2644
468 5460 14579 10690 11128 5879
469 6781 16921 9529 10593 4014
470 7702 17032 7819 9265 3302
471 9824 18106 11755 10101 4850
472 10542 15719 10984 6873 3082
473 11471 19159 11082 7082 8912
474 13472 19133 12747 4845 7631
475 15243 22468 9865 2694 6730
476 16493 22432 8302 4634 6211
477 10930 24633 10714 5856 11308
478 18913 25704 10596 12224 12389
479 12003 24213 10590 7371 5698
480 12036 24722 11417 3880 2185
481 10534 41573 10150 5924 3488
482 14760 17471 7020 2878 1733
483 8938 18472 8399 5250 2411
484 13457 23553 7679 4602 2497
485 8902 17152 6017 5136 1108
486 9175 14687 8893 3869 1284
487 9846 17777 5427 3313 3084
488 8441 15799 5368 5026 5382
489 9849 11930 5459 1850 2697
490 11384 17687 6943 2041 4575
491 8979 20239 4744 2593 2234
492 13528 20296 7014 4680 7126
493 12243 20289 9871 4246 3637
494 9413 17473 5397 3631 8052
495 9991 23272 8899 5743 3575
496 11386 25034 8991 6285 12288
497 11702 21836 13701 6908 7978
498 11612 23789 8184 4023 5678
499 10440 16424 7614 5910 3524
500 7390 19521 9006 6869 4214
501 9892 19599 7477 3360 2758
502 10162 22509 10365 6599 2573
503 9592 16595 15573 3377 1139
504 8815 16938 7247 3448 848
505 12491 18338 6671 5271 1164
506 14509 19267 9044 4339 4453
507 8848 17607 7911 1922 4272
508 10361 19264 6864 3736 1939
509 15566 23522 6414 2168 2212
510 17214 26202 9235 2060 4449
511 12050 22994 10366 4316 1885
512 10863 23080 7607 4459 3143
513 9654 21985 6007 3553 3945
514 10424 20565 6447 3251 3517
515 10981 24764 7579 3754 8027
516 13930 22605 7049 2799 3669
517 12690 25817 11626 5427 7514
518 16435 23265 8142 4061 11293
519 14663 29086 7848 4822 6380
520 13514 28588 8735 4348 4095
521 12225 21087 4184 5188 4206
522 12209 18768 8241 3800 4484
523 9091 14377 9045 1750 1301
524 5911 17156 10413 3909 2959
525 3833 13917 9538 2024 1138
526 9599 21337 12555 3535 2418
527 5907 14606 7357 961 1208
528 6022 16078 6718 1164 642
529 6839 17907 5983 2463 3309
530 6139 14887 5261 1800 2653
531 6818 15219 6239 3530 2178
532 7375 17205 9654 2350 1188
533 7427 18846 17939 1366 1859
534 8191 18600 14838 3371 4128
535 7520 23156 9366 1630 2198
536 6195 18432 16396 1882 3727
537 7216 14323 28041 2977 3828
538 5119 11698 8235 1245 12439
539 4653 9624 5544 897 3537
540 7862 16340 8779 2313 5206
541 4840 9161 2947 1753 2398
542 5301 15148 5566 2783 3180
543 4606 13537 6195 3041 5201
544 5134 10857 7987 2808 9118
545 3552 13313 5398 1262 68035
546 6358 9114 6096 1064 181026
547 5140 11997 4267 642 76961
548 5427 15856 4119 2767 269943
549 3664 15626 6624 1999 103847
550 5717 10648 8504 2137 1594
551 12728 17507 5946 3206 836
552 8924 24264 10956 2596 3492
553 5606 22988 7613 2957 1758
554 7454 12536 8216 2906 1020
555 5042 13977 4374 3999 2023
556 6430 12926 5544 2478 978
557 7195 14005 6309 2092 1591
558 8133 14211 7161 2193 1782
559 9896 12904 7113 2771 297
560 9178 13150 6817 1651 1124
561 13382 17960 9123 4107 869
562 17317 26881 10186 4963 1349
563 17623 24004 12168 3418 2465
564 17040 26156 11314 3665 3865
565 18819 22256 9162 3443 2255
566 11615 21447 6275 2201 2044
567 10208 12751 6779 2684 1031
568 8312 15295 4775 3215 3051
569 10051 14099 4420 1455 701
570 12125 15075 7234 3740 1726
571 12523 18969 7675 5888 4051
572 10569 13873 5125 8935 7258
573 14247 17319 6607 7085 4593
574 15134 15046 6557 4318 3717
575 16139 17738 7423 4165 4560
576 15700 20180 7546 5067 3347
577 12898 23851 6605 8073 5119
578 11945 25913 11894 6168 6504
579 9482 24331 11885 5283 4603
580 11108 26962 10516 8109 4785
581 5720 26235 13595 7564 11958
582 7861 19607 8293 9237 6800
583 9152 24547 10838 8536 4644
584 12555 29049 11172 7753 4879
585 14148 24687 11630 6736 5394
586 9399 17638 11627 8761 6487
587 11839 22152 9155 8181 6199
588 11890 22084 14261 9242 6615
589 9438 23533 19642 7361 4816
590 10308 27211 15462 6901 2658
591 11614 19226 10446 5414 2944
592 9698 20758 7654 6231 2427
593 9028 15032 7410 6373 3667
594 10338 14822 8121 6215 2678
595 13195 17732 7494 3448 2161
596 11198 26340 9639 2988 1687
597 7886 13086 6312 2629 1131
598 10271 12345 7591 5468 1401
599 15071 18287 13474 2836 2445
600 10003 18033 11616 2708 1440
601 7535 16712 9113 3231 1272
602 8065 20736 13140 2832 3387
603 7604 24618 10380 5123 2324
604 8297 16048 10016 2950 1949
605 7037 18882 9265 6944 2642
606 7202 17284 12287 4162 2697
607 5555 14608 9109 4101 2440
608 3906 10436 5923 4161 1110
609 5018 12349 28968 2845 36080
610 6292 9499 7164 2501 6874
611 3061 12590 11258 1591 11826
612 6484 11444 10859 3250 8355
613 6807 10417 10346 3370 2775
614 2664 7567 16831 2396 11066
615 6564 14697 19689 6727 15053
616 4773 14824 40308 4203 21516
617 8151 13162 27200 5255 45569
618 7610 15286 9230 3441 3985
619 5168 14985 7184 1888 4820
620 3798 15865 24094 4574 21729
621 4782 10572 37725 2507 17692
622 9792 17927 18101 5572 4588
623 5416 15094 38079 9270 13131
624 6908 19507 21372 8887 2606
625 4345 19761 41803 3406 21310
626 7515 19846 12208 7575 2310
627 5017 12432 10427 5051 1558
628 4804 10906 17097 3229 1016
629 4295 13160 13856 2859 6715
630 6286 16776 14187 3552 779
631 4331 16083 11662 4929 2117
632 5694 13254 16512 2563 1793
633 3843 18299 11265 4785 1054
634 7666 15388 8521 5813 1920
635 6613 12766 9306 5293 1582
636 7793 19269 9812 3355 1111
637 5880 20248 14063 7150 2982
638 8173 20565 11943 4152 2379
639 5651 21308 9850 3877 5322
640 8718 18530 7694 2268 550
641 8636 19110 9818 3835 1548
642 6275 23310 12351 5249 7385
643 8281 32782 17573 4803 1504
644 8677 32259 17077 5123 1908
645 8196 16448 8473 2332 1961
646 6699 15158 6193 4229 1959
647 7713 18788 8979 4604 1971
648 5016 18575 7416 3343 642
649 3644 13802 7665 3766 977
650 6440 18011 4693 2708 648
651 7415 14897 8387 2798 2308
652 8761 15679 6612 7064 1656
653 10102 13568 8186 10929 1619
654 16947 19553 13524 3280 978
655 7619 10890 4443 4419 1449
656 9375 6675 3917 4975 642
657 6594 10524 9402 7840 2432
658 5295 8087 4965 4745 2570
659 4094 7031 3158 645 1547
660 3645 7368 3815 3322 1650
661 3630 9395 5696 2281 150
662 5334 10695 3184 5210 1395
663 12224 22781 2955 1042 778
664 13205 23899 4121 3288 639
665 7700 12158 4569 2293 545
666 11056 14131 6002 2955 488
667 14708 30137 15676 1629 3883
668 8592 33541 18701 1970 6668
669 10284 34273 24437 2314 2951
670 15456 37743 23143 2149 4589
671 7003 31595 20675 2224 4261
672 7144 20060 10111 2200 1477
673 7521 17977 6480 1429 916
674 8335 8673 5910 1223 123
675 9273 12589 5059 1235 194
676 9343 15844 5805 1612 1196
677 6500 16777 5827 2865 527
678 9406 18876 8018 2418 606
679 10772 25528 9022 2981 585
680 10115 23873 10051 2128 1433
681 12804 20587 8851 2047 657
682 11678 23665 7811 2823 1763
683 11667 21944 6789 2831 1164
684 8334 15640 6580 1882 396
685 17927 26616 7187 1460 925
686 16968 24063 16928 2474 1307
687 16842 23279 11556 3335 1322
688 13791 25363 13475 2513 1962
689 16916 26035 11874 3790 2706
690 7557 26641 8983 2365 1374
691 7245 13332 3553 1294 143
692 7238 22265 5106 1370 2773
693 5875 9439 5799 2430 712
694 4602 10330 3046 2250 592
695 2115 8340 3460 2087 2068
696 4991 10258 3453 1900 278
697 6512 16002 5336 1577 544
698 3238 4343 2559 323 7
699 4440 5934 2210 669 28
700 6000 9127 4044 873 256
701 5047 5933 1815 1052 1575
702 5768 7610 1984 977 1211
703 9833 10934 3632 3664 1463
704 13930 17188 3481 4045 2188
705 15245 17035 3965 5359 1401
706 11436 18638 5394 6138 2872
707 11920 20918 8775 5852 1318
708 14934 26685 5370 4019 2800
709 17654 23202 6689 3553 2077
710 16227 23691 6946 5480 2326
711 20282 30307 11628 9957 3192
712 17924 21490 7505 8344 3121
713 24704 44151 12344 6376 1550
714 18773 27546 9851 6626 2178
715 16713 21276 5601 7636 2399
716 14414 17171 6068 5005 1018
717 11188 22099 6790 4782 1029
718 16080 27944 9444 3161 1529
719 14283 20651 7569 3002 1949
720 8390 13900 5002 1077 431
721 6095 15791 6983 1713 2584
722 6956 14681 6602 6287 1574
723 5492 7890 2281 3741 840
724 4786 15689 2195 8972 3834
725 4824 12552 4789 3578 357
726 3047 33327 8422 2748 1824
727 4336 15183 5687 1482 938
728 6861 20785 2628 2339 3059
729 7427 40510 11148 2227 2111
730 8702 25846 5169 2944 2599
731 9469 38365 10540 3492 8310
732 7899 20945 4587 1820 2081
733 5797 16654 4883 867 1119
734 9140 24761 5595 2199 1611
735 5245 14870 6553 2180 1287
736 3093 19573 4707 2302 501
737 4338 19060 4163 2267 1126
738 2661 14710 5089 1276 1356
739 235 13727 2113 1233 1167
740 3953 19617 5057 2127 1806
741 5447 21231 3578 557 1050
742 4875 15347 1626 518 636
743 4342 16095 4122 1601 2074
744 3596 10780 3744 1106 862
745 2883 10290 7429 1148 2090
746 1916 9783 1347 725 1895
747 1442 4838 5217 503 3687
748 1251 16367 4067 1696 2051
749 2363 19128 10134 1140 2438
750 1695 10823 1143 611 728
751 2881 11906 1113 946 1178
752 1545 9602 3185 389 1823
753 1887 6541 3692 1149 1038
754 591 6837 2426 1329 881
755 581 4961 4117 608 303
756 1461 8494 10202 1412 1867
757 3194 10278 2083 884 972
758 3 7708 5459 794 1196
759 2310 20725 3097 2478 991
760 1401 10167 1110 664 1098
761 1582 20902 2940 954 2540
762 3522 21765 2472 1064 895
763 2555 21999 3923 1291 2278
764 2516 8396 7935 845 1700
765 1167 15590 2930 1861 2167
766 2014 25169 4132 1272 1883
767 845 13406 1545 926 1686
768 1097 9811 2995 857 2136
769 1080 30856 4687 3163 2509
770 2366 14982 3980 1757 2325
771 2830 5800 1965 1387 1125
772 2100 6760 60080 1379 5337
773 1193 7018 3676 844 2729
774 231 9586 954 1005 608
775 1767 9160 8493 1446 3159
776 2321 8162 2459 706 320
777 1249 8994 5784 1225 2173
778 136 11876 5132 1655 1429
779 1816 10679 6896 2161 1818
780 1773 19677 8285 2606 1979
781 2186 22452 9959 3981 2034
782 1043 17088 21903 5106 8818
783 787 14403 50324 7461 10806
784 948 16634 35869 6712 15885
785 1651 13465 13670 3565 6114
786 493 10682 8283 1357 1979
787 313 13464 16443 3116 4440
788 174 5936 3523 3681 3234
789 890 8163 6639 1189 2055
790 1172 13038 40267 3881 29332
791 3387 20173 13667 3502 8313
792 451 11871 10154 3982 4430
793 2420 15825 18758 1732 12810
794 973 30677 12254 3242 2876
795 1009 20512 10909 2454 2481
796 2045 32698 17230 3587 3344
797 1473 25751 7921 3870 1632
798 2218 13918 7932 2015 251
799 1749 10610 6106 1248 1061
800 616 16681 4562 2421 2120
801 1714 16559 7718 1379 1466
802 1717 7262 9278 1633 1764
803 5207 5602 2613 1464 371
804 3388 7174 3805 519 1194
805 2639 5164 3110 262 1705
806 791 7440 1854 984 1021
807 914 7106 4090 1211 2012
808 1764 4961 4373 475 2163
809 299 5701 991 237 53
810 141 13186 2872 1221 1210
811 8 8948 957 697 744
812 1095 14145 2679 1303 1890
813 158 12704 3070 1729 1038
814 5 9057 3889 1467 1048
815 1634 11695 3686 5806 814
816 1127 8461 8983 1882 2395
817 1641 9520 5660 4039 1199
818 1914 15039 4908 3005 2946
819 1934 16798 5477 1156 3300
820 3381 12869 6036 881 2253
821 2082 12630 4786 3883 1249
822 914 7754 3079 1360 867
823 2020 23219 6309 731 3933
824 4857 12554 5303 2930 2372
825 1798 13469 4136 2577 1120
826 9143 43691 3989 1968 681
827 5064 27879 4114 3729 1391
828 1006 38611 1750 1040 3133
829 1025 69980 1623 264 4205
830 1464 50658 4051 1858 4219
831 672 35049 10197 1235 8524
832 1089 86530 10945 898 13690
833 2379 145656 4278 964 21653
834 794 80423 5445 1461 26969
835 2071 31708 3186 651 9979
836 2829 53419 3879 1578 17715
837 1869 35724 3738 1695 13053
838 1497 17887 3216 692 5200
839 2512 31275 11334 1286 3094
840 0 32973 11297 1238 5732
841 0 65305 9069 1427 12504
842 3339 321130 11944 12565 229476
843 1226 31164 1778 1020 6119
844 947 62755 1667 1798 13013
845 0 59384 1547 2498 14311
846 0 34421 857 1396 11548
847 0 22110 1954 1387 9276
848 0 5440 2960 1080 4088
849 2345 43370 60 3325 16273
850 155 22689 3340 1354 9862
851 830 26166 3465 1991 11800
852 1103 44046 1396 2519 20800
853 0 19245 4613 4945 12994
854 1750 23020 2027 2569 14188
855 277 51227 731 3525 35725
856 2392 30194 3920 2773 23209
857 1390 8468 44 452 6786
858 271 34637 3320 2629 29499
859 0 30228 2529 2478 25754
860 673 21486 2785 2406 25970
861 1070 21899 1386 1926 24518
862 1686 16764 976 2243 16259
863 789 17725 2052 1979 22331
864 0 35441 542 4009 46408
865 2384 7918 1913 1080 101750
866 3662 18850 933 1975 23942
867 1915 33855 3881 4422 42627
868 2587 19247 2230 3897 20647
869 1254 24080 6884 2949 27401
870 259 26858 6172 5488 34303
871 7489 18851 9851 2827 16726
872 1667 8630 1949 2566 19196
873 2528 14905 6018 4694 34711
874 6905 39811 1685 6693 55904
875 4880 24443 1817 3446 40664
876 1794 20822 1728 4383 58873
877 872 29927 2667 7455 77474
878 645 9542 3109 4301 34205
879 3044 14569 2644 2882 14658
880 1541 35718 2001 8363 99337
881 636 11974 4206 3558 6937
882 3063 15926 4682 1147 5170
883 6543 19969 6447 3741 23344
884 4710 10427 4346 3184 12693
885 4602 7173 3950 2024 3491
886 5308 4908 1011 131 15222
887 7062 112565 16510 2152 35563
888 6594 7473 642 270 7221
889 11047 14719 2489 1765 3762
890 5839 11708 2212 1538 8073
891 2197 13369 2972 3862 4330
892 3786 12772 1156 717 2977
893 2797 8926 1413 2092 3525
894 1414 13513 5568 5584 2529
895 6657 15680 11372 3133 3433
896 11480 27365 7321 15156 6774
897 12012 28584 6251 16134 6088
898 5863 7247 1282 2013 2453
899 2907 6735 5210 538 1691
900 4646 8721 5351 3521 5661
901 5608 10487 5709 2566 2660
902 5545 18044 6359 10501 3749
903 15295 23633 7936 14180 3972
904 19261 38278 18454 15197 6442
905 14926 68286 7858 6883 8837
906 4550 31679 12804 2769 2558
907 3628 10919 9653 6457 3809
908 4661 9845 8919 2166 1649
909 2959 4640 7536 231 87
910 2148 2783 5406 1498 905
911 3352 1335 2596 3003 2468
912 2658 9010 4814 600 246
913 1281 4889 6648 3682 4499
914 1787 8437 9109 1618 3727
915 1543 6860 5091 1873 2018
916 1460 3282 4217 1543 490
917 3007 8873 5169 2245 1797
918 2443 7032 4132 1534 2301
919 3815 3801 7371 2738 655
920 1674 6624 5062 2036 3004
921 3494 6831 5520 1808 2609
922 2879 11575 6230 1363 2847
923 3422 12725 6919 1415 6901
924 2253 12889 4670 2905 5927
925 1554 7838 5139 2577 4167
926 1858 6438 6255 2603 5070
927 19 13235 9157 1732 4594
928 4261 25756 5844 3093 2806
929 1165 26899 7495 812 1718
930 3676 13605 8078 375 4026
931 2362 38932 4728 1657 6319
932 3528 10336 6139 2754 5203
933 3979 3914 10181 600 1852
934 2317 18035 11667 3868 13615
935 2080 14119 6941 704 1401
936 1260 10288 9605 1969 2150
937 3223 7774 12294 1046 3773
938 4069 8111 8933 556 2719
939 3981 10179 13276 1393 3097
940 6921 9637 7054 1697 2891
941 1228 11773 4920 328 5276
942 6473 15340 6342 1751 4006
943 4090 21205 7236 3414 16863
944 4947 13330 6216 2552 3163
945 3480 10582 8616 668 5004
946 3979 9668 4589 1624 3790
947 4701 12626 1592 1118 3638
948 3067 5755 6171 358 1713
949 6158 12148 6598 1395 7865
950 6631 6610 6967 871 771
951 3089 5246 4719 1565 3450
952 4332 13729 2779 2106 4662
953 4951 6460 5872 2053 6395
954 4138 14227 6401 2148 5522
955 5695 8588 8395 1505 4467
956 2459 7049 14141 2218 1857
957 3469 5588 7694 1458 2845
958 4095 10810 3103 1132 2894
959 1708 3406 6093 411 5644
960 1556 2984 2164 34 2862
961 694 7246 5396 2295 706
962 754 17597 10205 1039 4075
963 0 37029 8755 401 3891
964 1828 22550 7289 477 2560
965 1163 6755 9638 448 1296
966 598 20712 10258 124792 16554
967 1 5234 6162 1713 428
968 798 143 7312 246 213
969 1306 4418 1845 148 35
970 657 3801 4816 319 107
971 1332 6490 6079 497 167
972 1589 1215 2431 2029 1484
973 1969 16167 2035 1096 3058
974 648 3912 8522 756 3694
975 701 4465 1872 535 5102
976 4 4566 14275 2477 7958
977 665 5950 5912 1084 4952
978 2 6031 7005 2949 14331
979 6 5183 2120 1234 5163
980 14 10013 13379 4566 14168
981 3 5643 15780 3877 11975
982 423 7773 5885 4297 2244
983 24 8142 9109 2328 3006
984 598 7678 6155 2665 2584
985 662 3328 8357 17587 17346
986 1 7501 8054 5112 1024
987 1040 6294 6817 2610 3966
988 4 8849 7877 4296 2686
989 2 4088 6520 2752 2462
990 2 8385 8562 22779 25612
991 654 8498 8295 4840 7443
992 657 8535 8548 2749 4311
993 658 8576 8007 6454 14039
994 3659 8535 6638 9962 4008
995 1335 6623 4676 17213 5973
996 6624 15003 7508 25002 3631
997 5109 18250 11262 48382 27664
998 7766 28618 7638 132841 101579
999 0 17185 57258 1313723 1025418
