0.0 0.299337727015
300.0 0.163444141602
600.0 0.0815324473503
900.0 0.0440755756139
1200.0 0.0371380144694
1500.0 0.0333672857275
1800.0 0.0302189728126
2100.0 0.0231614375954
2400.0 0.0227209958653
2700.0 0.0233345545459
3000.0 0.0377829757596
3300.0 0.0442599652961
3600.0 0.0396115738746
3900.0 0.027506270457
4200.0 0.015148135772
4500.0 0.0134040831444
4800.0 0.0134266286078
5100.0 0.00967039337808
5400.0 0.00800524987218
5700.0 0.00552444371082
6000.0 0.00392693659491
6300.0 0.00604782053811
6600.0 0.00388184566825
6900.0 0.00253475423432
7200.0 0.0019630656999
7500.0 0.0014139226288
7800.0 0.00129716933656
8100.0 0.00127945504394
8400.0 0.00174485782267
8700.0 0.000816467850572
9000.0 0.00102340299613
9300.0 0.000752052241059
9600.0 0.000387298852194
9900.0 0.000260078023407
