0 0.198443983744
5 0.273242189431
10.0 0.083305867114
15.0 0.0450250986312
20.0 0.0379182143881
25.0 0.0340586612525
30.0 0.0308648892727
35.0 0.0235915597407
40.0 0.0230427846791
45.0 0.0235058651365
50.0 0.0320736775839
55.0 0.0350177816304
60.0 0.0390660276925
65.0 0.027641453776
70.0 0.0150179793872
75.0 0.013313975142
80.0 0.013554579223
85.0 0.00984993556425
90.0 0.00813027557407
95.0 0.00563854015946
100.0 0.00395513557875
105.0 0.00608184493891
110.0 0.00396996733717
115.0 0.00259308576382
120.0 0.00199816745385
